Video ID:	3b32I2t9Jbs
H:	1080
W:	1920
FPS:	30.0

FRAME INDEX X0 Y0 W H [Landmarks (5 Points)]

00000001 00000000 679.63 217.25 369.38 465.58 768.72 381.48 934.41 356.11 863.61 478.43 825.28 572.15 945.13 547.72
00000002 00000001 677.76 211.51 372.01 474.34 769.96 381.04 934.11 354.56 865.83 474.67 827.52 572.82 946.49 547.60
00000003 00000002 677.84 210.46 371.89 476.14 769.79 381.00 934.00 354.47 865.62 474.61 827.56 572.88 946.39 547.60
00000004 00000003 676.07 200.10 372.38 483.09 774.31 378.25 936.88 352.16 874.28 475.33 828.85 569.75 948.34 546.18
00000005 00000004 678.31 189.06 371.69 489.50 780.06 377.80 942.51 348.18 882.75 468.47 833.18 563.14 957.20 535.63
00000006 00000005 683.12 174.90 375.27 499.33 789.19 379.80 951.08 349.62 893.30 467.51 844.79 560.13 968.87 532.23
00000007 00000006 688.59 169.60 373.76 503.17 798.27 376.80 957.69 345.80 905.11 461.87 853.72 556.86 977.16 527.93
00000008 00000007 694.49 169.67 368.87 503.11 805.33 373.50 965.59 342.23 916.21 458.19 862.15 560.03 982.12 530.45
00000009 00000008 697.26 169.39 366.37 503.63 805.35 374.19 965.54 342.42 916.24 456.92 863.64 561.33 982.52 531.31
00000010 00000009 701.39 168.21 362.10 502.13 810.53 370.81 969.10 339.29 921.36 458.25 867.91 557.83 984.94 527.98
00000011 00000010 705.47 173.72 356.90 494.79 812.80 369.04 972.51 337.42 923.67 458.30 868.64 555.65 985.79 525.84
00000012 00000011 708.84 175.44 353.17 489.71 812.39 369.54 972.28 337.78 921.83 460.58 867.69 554.71 984.92 524.75
00000013 00000012 709.44 177.78 351.53 487.15 811.07 369.16 973.28 339.45 921.07 461.94 865.82 556.67 984.08 528.37
00000014 00000013 708.74 178.48 351.62 486.87 809.21 370.75 970.97 341.92 917.81 463.23 864.63 558.48 982.04 531.04
00000015 00000014 707.43 180.79 351.92 486.37 812.28 371.05 971.47 344.28 922.57 464.34 868.68 564.08 981.32 538.86
00000016 00000015 707.42 181.84 354.08 488.74 806.15 372.23 968.90 344.75 912.97 463.65 861.92 563.12 981.01 537.03
00000017 00000016 705.04 181.69 357.46 494.99 802.97 374.27 966.51 346.97 909.65 464.14 858.62 566.97 980.09 541.01
00000018 00000017 702.43 179.76 360.55 502.01 799.16 375.51 962.81 349.13 903.48 467.26 853.33 568.75 975.82 543.82
00000019 00000018 700.16 178.73 362.59 506.20 797.54 375.77 961.27 350.81 900.74 468.14 851.13 569.43 972.39 545.86
00000020 00000019 698.23 178.37 364.30 506.95 794.89 375.90 959.54 349.45 898.27 469.01 850.75 570.35 969.89 545.66
00000021 00000020 697.42 177.05 365.78 507.74 794.95 375.93 960.02 349.73 898.26 469.18 851.03 570.14 969.91 545.50
00000022 00000021 696.24 177.46 366.09 504.58 791.83 376.84 957.55 349.68 894.18 469.42 848.39 569.40 965.10 544.07
00000023 00000022 694.38 176.93 366.00 503.94 789.42 376.86 954.26 350.24 890.50 469.04 845.23 569.61 962.33 544.63
00000024 00000023 693.35 183.15 367.80 506.91 788.58 376.53 956.77 350.18 889.18 470.86 842.95 578.03 964.10 553.73
00000025 00000024 691.79 192.43 367.99 503.35 779.62 375.17 950.68 348.80 879.44 463.02 835.99 577.39 959.58 552.16
00000026 00000025 690.03 194.43 368.52 503.28 778.63 376.07 948.80 348.65 879.35 464.88 837.01 580.65 958.31 554.54
00000027 00000026 689.06 196.48 368.75 503.27 778.48 375.97 948.69 347.39 880.39 465.63 837.64 581.16 959.87 554.08
00000028 00000027 686.90 190.15 369.94 504.62 779.28 376.13 945.65 346.66 882.41 470.13 843.29 578.37 958.13 552.16
00000029 00000028 685.80 190.44 368.66 500.89 778.85 377.14 942.59 347.94 878.97 472.49 839.47 575.37 953.62 547.71
00000030 00000029 685.50 191.76 368.15 498.30 777.60 377.25 941.71 347.16 878.24 471.51 839.78 576.64 953.65 548.18
00000031 00000030 684.67 191.28 368.23 496.72 775.68 376.76 941.11 348.63 874.74 469.86 835.43 575.77 950.11 548.89
00000032 00000031 683.45 194.89 367.15 492.49 774.99 376.78 940.42 349.86 875.03 470.64 835.04 574.99 949.38 548.99
00000033 00000032 683.21 196.81 366.68 489.11 774.95 376.66 941.65 349.57 875.67 473.10 835.27 575.49 949.58 549.39
00000034 00000033 683.00 197.26 365.70 487.37 774.60 376.37 939.70 349.32 874.79 473.16 835.54 575.11 949.12 549.10
00000035 00000034 682.38 195.54 363.94 487.21 774.58 376.93 937.19 348.57 875.11 471.18 836.60 574.25 948.40 547.08
00000036 00000035 682.36 196.52 362.65 485.05 774.91 377.39 934.93 349.59 873.58 468.69 837.99 572.21 946.07 545.90
00000037 00000036 683.17 197.79 362.77 484.90 774.45 377.42 934.51 349.81 871.27 469.80 838.09 574.23 945.84 548.35
00000038 00000037 683.49 196.36 364.18 486.65 773.48 377.68 934.27 350.53 869.10 470.74 836.22 574.75 944.93 549.40
00000039 00000038 684.00 196.05 367.21 487.45 773.01 378.88 935.47 351.34 868.00 470.99 836.23 575.06 946.27 549.35
00000040 00000039 683.40 196.52 368.91 487.06 773.16 378.71 935.23 351.54 868.36 470.86 836.40 574.92 945.46 549.47
00000041 00000040 682.10 196.80 368.57 486.28 772.71 379.06 933.05 350.23 869.40 470.16 837.53 574.19 945.70 547.35
00000042 00000041 681.63 193.15 369.07 487.88 772.37 378.09 932.82 350.80 867.46 469.58 834.73 572.81 943.49 547.28
00000043 00000042 680.30 192.29 368.27 487.74 772.47 376.76 932.16 350.57 868.14 469.87 833.35 570.18 942.17 545.54
00000044 00000043 679.63 192.44 368.37 488.32 771.67 376.65 933.08 349.73 868.65 469.93 832.74 571.16 943.72 545.79
00000045 00000044 679.60 193.12 368.54 487.77 771.61 376.60 933.49 349.97 868.25 470.27 832.63 570.87 943.55 545.75
00000046 00000045 681.13 193.71 370.42 487.79 771.21 377.76 935.49 349.28 867.61 470.88 834.54 574.03 946.17 547.31
00000047 00000046 680.31 192.31 370.42 487.06 770.60 378.20 933.92 349.78 867.87 473.98 832.49 571.99 945.00 545.02
00000048 00000047 680.22 193.09 370.94 486.23 770.58 378.57 934.35 350.20 867.63 474.14 832.58 572.48 945.51 545.59
00000049 00000048 680.57 195.04 372.16 486.14 770.84 380.35 935.11 350.13 868.56 472.32 835.01 574.38 948.63 546.23
00000050 00000049 680.55 197.85 373.72 486.82 770.07 382.20 935.10 351.54 867.77 473.82 834.37 577.47 949.85 548.79
00000051 00000050 680.16 198.72 374.36 486.97 770.16 382.14 934.77 351.47 868.01 473.79 834.36 576.93 949.64 548.20
00000052 00000051 679.74 200.27 374.52 487.28 769.81 382.68 934.21 351.36 868.32 473.70 835.07 578.41 950.30 549.09
00000053 00000052 679.14 200.15 373.76 486.30 769.87 382.86 933.48 351.40 868.78 473.61 834.46 575.98 949.95 546.38
00000054 00000053 678.74 199.71 372.93 485.56 769.89 382.64 933.43 351.30 869.10 473.81 833.67 574.82 950.04 545.27
00000055 00000054 678.44 200.04 371.50 485.14 770.04 381.96 933.74 350.60 870.21 473.12 833.03 574.38 950.52 544.90
00000056 00000055 678.50 199.08 370.92 486.19 770.68 381.02 935.37 350.51 870.89 473.00 832.36 575.09 950.82 546.22
00000057 00000056 678.42 198.46 370.60 486.88 770.67 380.92 935.40 350.28 871.06 472.90 832.41 574.92 950.93 545.93
00000058 00000057 678.35 196.91 370.57 489.20 770.39 380.88 935.32 349.80 871.27 472.88 831.62 575.02 951.98 545.63
00000059 00000058 678.55 196.60 370.80 491.09 770.40 381.04 935.51 349.65 871.23 472.76 831.64 575.32 952.85 545.65
00000060 00000059 678.96 196.28 371.39 492.59 770.62 380.91 936.30 349.71 870.94 471.85 830.85 574.70 953.58 545.22
00000061 00000060 679.30 197.57 371.72 492.22 770.53 380.84 936.61 349.96 870.60 472.05 830.88 574.61 953.39 545.38
00000062 00000061 679.13 198.09 371.78 491.64 770.76 381.07 936.29 350.26 870.98 472.08 831.64 575.10 952.73 545.96
00000063 00000062 679.14 198.90 371.75 490.85 770.75 381.04 936.38 350.25 870.98 472.20 831.74 575.14 952.84 546.03
00000064 00000063 679.08 199.30 370.79 489.06 771.44 380.90 935.72 350.70 871.49 472.98 833.03 575.37 950.57 546.70
00000065 00000064 679.76 199.42 370.58 486.49 771.38 380.53 935.96 351.11 870.31 473.55 834.33 575.86 948.60 547.88
00000066 00000065 680.22 199.72 370.89 484.50 771.22 380.38 936.19 351.25 869.77 473.43 834.76 576.40 948.12 548.55
00000067 00000066 680.39 200.09 370.94 483.64 771.13 380.10 936.06 350.38 870.11 473.51 835.45 577.06 948.70 548.85
00000068 00000067 680.21 199.98 370.49 483.46 771.21 379.44 935.60 349.71 870.32 472.57 834.91 575.90 948.69 547.78
00000069 00000068 680.29 200.02 370.13 483.44 771.25 379.49 935.64 349.84 870.34 472.59 834.84 576.06 948.79 547.99
00000070 00000069 680.02 199.83 369.64 483.36 771.27 379.46 935.53 350.22 870.49 472.65 834.27 575.50 948.41 547.71
00000071 00000070 679.28 199.08 369.09 483.25 771.31 379.90 935.29 350.98 871.06 472.66 833.37 575.05 947.73 547.44
00000072 00000071 679.04 198.70 369.31 483.21 770.38 381.37 934.24 351.82 869.64 473.24 833.13 575.51 947.38 547.38
00000073 00000072 678.66 199.47 368.93 482.35 769.87 381.23 933.60 351.71 869.09 472.70 832.28 574.87 946.90 546.78
00000074 00000073 678.29 200.35 368.94 481.75 769.29 381.13 933.52 351.44 868.69 472.27 831.71 574.87 946.88 546.72
00000075 00000074 678.07 200.51 368.94 481.50 769.32 381.14 933.47 351.63 868.65 472.22 831.28 574.56 946.75 546.58
00000076 00000075 677.21 200.15 369.31 481.40 768.39 381.25 932.70 351.74 867.84 472.28 829.83 573.59 946.06 545.58
00000077 00000076 676.14 200.02 368.75 481.29 767.21 378.90 931.45 350.49 866.36 471.09 827.15 571.66 944.09 544.78
00000078 00000077 676.93 202.99 368.97 478.24 766.25 375.21 932.87 346.57 865.46 468.44 827.11 567.50 946.64 540.67
00000079 00000078 677.12 197.49 369.96 479.00 766.51 373.63 932.76 343.43 866.19 464.13 827.51 563.01 947.57 534.87
00000080 00000079 678.48 191.99 369.92 481.28 767.08 370.72 932.53 340.87 865.24 462.34 827.69 561.87 947.15 534.01
00000081 00000080 679.08 189.21 370.03 482.92 767.29 370.52 932.70 340.81 865.29 462.30 827.67 561.47 947.03 533.76
00000082 00000081 679.88 189.04 369.71 483.86 768.18 368.91 934.28 338.57 867.64 461.35 829.54 561.80 949.45 533.37
00000083 00000082 677.97 183.11 369.14 486.83 769.46 366.34 934.72 337.24 871.06 459.71 829.39 559.11 948.04 531.67
00000084 00000083 677.06 179.95 369.82 488.60 768.64 364.49 933.61 335.96 868.89 458.68 828.16 556.45 947.16 529.78
00000085 00000084 675.26 179.07 371.42 489.27 765.17 365.26 931.34 335.89 865.46 460.13 825.44 555.99 946.22 528.85
00000086 00000085 671.51 178.80 371.89 489.29 760.93 368.63 926.56 337.23 862.95 460.48 822.83 557.41 943.64 528.55
00000087 00000086 670.20 178.74 372.19 489.31 761.12 368.50 926.70 337.25 862.96 460.67 822.77 557.32 943.58 528.64
00000088 00000087 666.87 178.62 371.94 489.18 757.97 370.14 923.87 337.16 862.09 461.36 820.57 557.22 942.10 527.02
00000089 00000088 664.47 179.71 371.00 487.33 757.50 370.25 922.68 337.54 861.93 461.14 819.55 556.33 939.68 526.36
00000090 00000089 663.80 180.05 371.13 484.78 757.39 370.13 921.51 337.10 861.76 462.20 821.97 555.49 938.59 525.20
00000091 00000090 663.70 182.06 371.03 482.78 758.61 369.60 923.33 336.23 864.57 461.82 824.71 557.20 940.50 526.59
00000092 00000091 664.67 183.32 370.92 481.51 760.27 370.02 924.63 336.46 865.76 461.69 826.31 558.16 941.38 527.47
00000093 00000092 665.19 184.31 370.89 480.42 760.59 369.85 924.95 336.64 865.97 461.37 826.30 558.01 941.35 527.61
00000094 00000093 665.62 182.08 370.51 480.58 760.60 370.46 925.14 336.51 866.13 462.60 827.15 558.88 941.02 527.78
00000095 00000094 666.23 182.33 370.39 479.80 760.86 371.64 926.25 336.61 867.93 463.51 828.79 558.46 944.31 526.36
00000096 00000095 667.29 183.35 370.42 478.83 761.55 371.89 927.32 336.43 868.61 464.79 829.64 558.77 945.41 526.21
00000097 00000096 668.21 183.60 370.01 477.99 762.12 372.74 927.60 337.23 869.10 464.89 829.84 559.08 945.41 526.43
00000098 00000097 668.63 185.08 369.61 477.57 762.79 371.74 926.92 337.53 868.40 463.38 829.92 559.65 943.56 528.14
00000099 00000098 669.05 185.27 369.49 477.84 762.85 371.82 926.94 337.65 868.08 463.27 829.62 559.78 943.63 528.29
00000100 00000099 668.53 184.15 369.18 479.17 763.12 370.66 925.65 337.21 867.73 461.62 828.23 557.45 943.00 526.55
00000101 00000100 668.21 183.50 369.31 481.34 762.70 371.25 925.49 337.30 867.99 461.38 828.13 558.27 944.50 527.00
00000102 00000101 667.14 182.64 369.48 483.55 761.37 372.06 924.13 336.53 867.41 461.26 827.23 558.78 944.68 526.23
00000103 00000102 666.47 183.25 368.88 485.49 760.29 372.98 923.15 337.01 866.11 463.04 825.69 560.42 943.86 527.52
00000104 00000103 666.22 186.76 368.12 485.39 759.23 373.40 922.69 337.36 865.43 464.62 825.75 561.96 943.96 529.07
00000105 00000104 666.05 187.52 367.61 485.83 759.35 373.38 922.55 337.50 865.55 464.47 825.52 561.84 943.78 529.08
00000106 00000105 665.38 188.49 367.61 485.94 758.10 374.34 921.87 338.56 864.39 465.46 825.05 563.01 943.07 530.45
00000107 00000106 665.10 189.71 367.77 487.17 758.33 373.64 922.55 339.16 864.28 465.08 823.73 564.08 942.75 532.62
00000108 00000107 665.49 183.51 367.56 491.44 762.86 372.89 925.34 340.02 869.18 463.04 825.75 563.06 943.01 532.67
00000109 00000108 670.83 177.97 368.29 494.27 772.01 368.26 934.02 339.55 873.95 464.49 830.03 558.07 946.85 530.94
00000110 00000109 677.65 171.75 368.40 495.77 786.43 368.15 947.40 340.64 889.40 462.84 838.34 553.30 955.47 527.28
00000111 00000110 680.33 169.30 368.43 496.60 786.04 368.32 947.36 340.56 889.10 463.18 838.34 553.45 955.64 527.24
00000112 00000111 690.21 165.34 369.71 500.14 800.02 365.81 959.77 344.14 899.02 467.20 851.21 555.56 963.99 534.80
00000113 00000112 699.23 167.03 369.04 504.00 808.32 360.92 971.93 345.29 906.21 466.38 855.54 562.52 967.17 546.64
00000114 00000113 705.15 172.64 367.92 505.99 812.71 359.95 975.83 347.86 912.76 469.31 865.87 574.00 968.04 561.91
00000115 00000114 711.17 187.03 367.79 500.76 813.77 364.29 982.37 348.88 911.50 474.09 864.89 576.32 975.63 561.08
00000116 00000115 712.06 200.06 365.80 493.66 814.03 367.00 983.57 352.89 914.69 481.92 865.64 581.14 975.86 566.95
00000117 00000116 712.76 206.55 364.35 487.88 813.95 367.16 983.61 352.60 914.77 482.04 866.01 580.81 976.09 566.26
00000118 00000117 712.64 210.65 362.90 483.45 814.21 368.89 982.93 354.71 915.46 484.86 865.34 580.88 975.52 566.73
00000119 00000118 712.93 213.79 362.37 478.86 812.89 369.43 983.22 355.55 913.21 484.19 861.93 578.49 975.47 564.30
00000120 00000119 712.00 216.77 361.75 477.39 810.12 369.23 983.43 355.79 911.99 488.68 854.39 576.88 978.15 562.81
00000121 00000120 710.92 217.08 361.09 477.68 808.83 371.17 981.29 357.14 911.50 489.21 852.71 576.56 979.55 561.81
00000122 00000121 710.98 218.00 360.70 476.48 809.19 372.59 981.29 359.20 910.82 491.52 852.22 575.46 978.84 561.28
00000123 00000122 710.93 218.42 360.43 475.65 809.14 372.58 981.18 359.25 910.86 491.44 852.20 575.38 978.83 561.22
00000124 00000123 710.84 216.98 360.16 475.03 809.80 373.17 981.01 360.27 910.87 492.01 851.22 573.58 978.38 559.83
00000125 00000124 710.64 217.35 359.84 474.04 809.48 373.18 980.72 359.96 910.83 491.76 851.61 573.72 978.20 559.67
00000126 00000125 710.32 217.74 359.56 473.67 809.52 373.39 980.38 360.11 910.93 491.78 851.31 573.79 978.32 559.69
00000127 00000126 709.29 218.09 359.14 472.81 808.54 373.66 979.99 361.01 910.55 493.13 850.03 573.63 976.98 560.05
00000128 00000127 708.15 212.32 359.98 474.03 807.54 377.02 975.58 363.32 905.55 492.36 849.71 571.80 971.14 557.82
00000129 00000128 707.33 214.82 359.32 472.85 807.26 374.02 978.09 361.66 909.18 493.05 849.50 572.99 974.67 559.64
00000130 00000129 706.44 214.47 358.72 472.45 805.38 374.18 975.80 361.52 906.91 493.17 848.13 572.44 972.56 558.90
00000131 00000130 705.41 214.15 358.28 472.19 803.82 373.84 974.22 360.37 906.02 492.68 847.49 571.87 971.74 557.73
00000132 00000131 705.06 215.56 358.13 471.88 802.51 373.60 973.38 359.04 904.95 491.68 847.49 572.98 972.08 558.01
00000133 00000132 703.97 218.21 358.71 471.21 800.34 373.84 971.93 358.71 902.99 491.38 846.27 573.74 971.52 558.38
00000134 00000133 702.66 218.33 359.92 472.43 799.16 374.73 970.70 359.90 900.91 491.26 843.93 574.69 970.09 559.72
00000135 00000134 701.94 218.22 360.64 473.09 799.25 374.59 970.83 359.79 901.25 491.49 844.07 574.48 970.23 559.51
00000136 00000135 701.24 217.98 361.90 474.51 798.10 375.00 969.44 360.48 899.03 492.50 843.30 575.29 969.13 560.65
00000137 00000136 699.46 213.58 363.35 480.02 796.69 375.48 964.69 360.16 894.25 489.88 840.20 574.77 966.24 559.48
00000138 00000137 698.51 218.35 364.13 481.69 794.93 373.83 968.25 358.60 897.43 490.87 839.26 576.80 971.31 561.69
00000139 00000138 697.37 219.67 365.04 484.78 793.91 373.57 967.27 357.73 896.96 490.70 838.58 578.22 972.11 562.62
00000140 00000139 696.42 219.32 365.12 487.14 793.10 373.09 966.73 357.75 896.18 492.24 836.52 576.52 971.79 561.37
00000141 00000140 696.03 218.72 365.03 488.81 793.18 373.07 966.56 357.68 896.25 492.11 836.94 576.91 971.46 561.70
00000142 00000141 694.96 219.18 364.87 490.08 791.59 373.05 966.08 357.37 895.82 492.83 835.03 576.60 971.73 561.17
00000143 00000142 692.86 214.96 364.38 495.87 790.54 372.96 960.97 356.22 891.54 490.50 831.43 577.22 969.21 560.73
00000144 00000143 692.98 218.61 364.35 493.66 789.24 370.92 965.50 355.10 893.88 491.60 832.60 575.36 970.94 559.78
00000145 00000144 691.57 218.19 365.91 492.75 785.70 371.87 962.58 355.20 888.51 488.75 829.24 577.81 966.89 561.30
00000146 00000145 688.98 214.03 367.67 493.81 783.79 367.74 959.45 351.49 888.06 485.75 831.98 577.11 962.03 562.46
00000147 00000146 687.80 212.71 369.19 494.28 783.63 367.49 959.46 351.28 887.65 485.41 832.24 577.20 961.81 562.59
00000148 00000147 686.52 212.50 370.19 494.23 783.31 368.04 958.63 351.92 887.56 486.30 830.82 575.91 961.74 561.36
00000149 00000148 686.43 216.68 369.50 490.87 784.36 371.19 960.92 354.84 887.96 488.68 825.82 573.73 966.01 557.11
00000150 00000149 685.32 215.86 368.46 487.71 783.99 371.57 959.99 354.98 888.12 488.82 823.80 570.33 964.51 553.41
00000151 00000150 684.43 215.58 367.31 484.65 784.00 371.62 959.25 355.53 887.79 489.16 823.67 569.78 962.50 553.36
00000152 00000151 683.97 214.75 367.21 481.61 782.85 369.98 956.60 354.61 886.41 487.94 828.25 570.32 957.30 556.29
00000153 00000152 683.76 215.20 367.05 479.24 782.84 370.01 956.44 354.49 886.48 487.91 828.32 570.33 957.30 556.17
00000154 00000153 684.00 219.79 367.20 475.60 781.40 368.39 957.24 352.96 885.98 487.20 827.91 570.06 957.58 555.65
00000155 00000154 682.96 216.88 366.90 477.23 782.17 366.03 957.17 350.82 886.49 482.27 826.44 570.26 956.06 556.20
00000156 00000155 679.71 212.48 365.03 484.14 781.21 362.18 953.78 348.26 882.95 476.46 818.50 570.88 954.80 556.71
00000157 00000156 676.76 199.09 364.93 496.25 778.68 357.85 948.88 346.71 876.68 468.41 813.73 569.32 946.50 557.75
00000158 00000157 676.54 191.20 365.33 502.14 776.09 353.17 947.33 341.75 872.14 463.03 818.60 572.46 938.68 560.71
00000159 00000158 676.34 187.24 365.62 506.42 775.94 353.23 947.18 341.83 872.02 463.03 818.65 572.57 938.51 560.85
00000160 00000159 676.49 180.92 366.21 507.28 774.53 344.27 943.01 336.31 863.65 454.21 816.84 562.57 929.70 554.11
00000161 00000160 675.65 173.27 367.45 506.62 772.23 340.25 936.65 331.93 859.31 448.56 817.79 552.42 926.96 543.76
00000162 00000161 675.56 172.27 368.13 498.71 768.84 338.89 940.79 327.20 858.61 448.89 815.65 549.17 925.47 538.06
00000163 00000162 673.86 171.27 368.95 493.80 769.72 335.34 939.01 326.52 857.08 446.96 810.80 543.10 923.00 534.53
00000164 00000163 673.82 173.95 369.49 490.39 768.59 332.59 939.21 324.14 854.48 443.11 806.76 541.87 923.15 533.93
00000165 00000164 673.70 175.68 369.78 487.75 768.65 332.50 938.99 324.25 854.30 443.13 806.75 541.64 922.73 533.86
00000166 00000165 672.24 172.01 370.04 487.13 766.55 330.53 938.22 322.84 852.61 439.85 800.21 534.62 923.02 527.18
00000167 00000166 670.92 167.91 370.40 488.06 765.51 329.42 939.56 324.10 851.42 439.76 793.06 530.11 923.04 524.50
00000168 00000167 670.58 164.95 370.58 488.76 766.09 328.22 940.38 324.41 850.93 438.85 790.64 526.96 923.09 522.79
00000169 00000168 670.29 162.89 370.85 489.76 766.34 326.57 940.56 324.42 849.63 438.41 788.74 526.00 921.20 523.26
00000170 00000169 669.41 164.62 369.86 491.50 766.79 324.95 938.54 324.37 852.27 430.32 788.39 525.68 920.59 524.55
00000171 00000170 669.24 164.81 368.96 492.80 766.84 325.03 938.25 324.63 852.07 430.29 788.34 525.72 920.03 524.75
00000172 00000171 669.52 160.59 368.19 493.07 767.57 322.57 939.79 324.07 847.80 434.65 784.62 522.21 916.27 522.66
00000173 00000172 669.07 157.77 368.10 496.53 766.65 321.51 939.90 323.07 846.73 432.83 780.82 523.58 915.13 524.05
00000174 00000173 668.86 156.78 367.46 498.11 766.03 320.51 939.34 323.04 845.46 433.33 778.84 522.30 913.36 523.54
00000175 00000174 669.50 155.46 366.45 497.11 766.51 319.70 938.36 322.87 844.27 431.35 779.54 518.60 911.59 520.61
00000176 00000175 669.81 153.60 365.52 495.72 767.74 319.36 937.52 323.14 844.60 430.72 780.85 516.58 909.37 519.20
00000177 00000176 670.14 153.19 364.74 494.78 767.84 319.47 937.53 323.25 844.73 430.79 780.88 516.49 909.58 519.10
00000178 00000177 670.81 151.61 364.04 494.23 769.20 319.26 937.81 324.01 845.15 430.71 781.01 514.92 908.33 518.41
00000179 00000178 671.59 149.50 363.49 494.16 770.73 319.28 938.15 325.32 845.82 430.46 781.27 513.73 907.34 518.26
00000180 00000179 671.94 150.08 363.30 493.02 771.97 319.09 939.11 326.87 847.08 430.18 782.02 514.03 905.77 519.95
00000181 00000180 672.67 151.11 363.28 492.81 773.60 318.12 941.13 327.15 848.26 430.39 782.87 515.48 906.20 522.43
00000182 00000181 673.11 153.80 364.56 493.46 775.79 319.39 946.16 331.68 856.27 427.45 784.37 513.88 908.68 525.38
00000183 00000182 673.19 154.54 365.52 494.05 775.61 319.52 945.99 331.79 856.05 427.37 784.42 514.07 908.88 525.51
00000184 00000183 673.47 156.05 366.28 493.43 776.97 317.93 948.53 331.25 857.97 427.80 784.75 513.48 909.00 525.89
00000185 00000184 674.52 155.68 365.28 492.62 778.87 316.16 946.73 327.45 854.16 429.74 786.79 516.80 909.16 525.76
00000186 00000185 676.90 157.15 364.51 490.17 780.87 316.35 949.07 328.35 855.38 432.00 788.32 516.13 910.79 525.77
00000187 00000186 681.56 157.94 363.51 491.66 789.12 320.50 954.44 339.47 863.33 428.77 789.50 512.31 912.81 529.19
00000188 00000187 686.83 161.23 360.84 489.58 796.62 317.42 955.32 339.19 864.42 425.44 790.09 505.75 911.26 525.79
00000189 00000188 689.37 162.74 359.09 488.06 796.67 317.66 955.24 339.65 864.01 425.38 790.28 505.95 910.64 526.04
00000190 00000189 688.56 161.57 360.76 489.01 793.41 318.89 959.55 338.37 869.09 427.10 794.29 512.04 916.49 529.29
00000191 00000190 694.04 161.84 358.64 488.22 802.22 316.71 960.56 340.22 868.05 423.64 795.69 506.40 914.84 527.61
00000192 00000191 697.27 162.35 358.38 488.38 804.33 317.50 964.04 341.41 871.39 425.41 797.96 507.43 918.18 528.78
00000193 00000192 698.84 161.01 359.79 489.91 806.35 318.41 966.30 342.03 874.42 426.34 799.35 506.49 920.84 527.66
00000194 00000193 700.34 160.61 361.34 491.43 808.59 319.81 969.40 342.59 877.89 428.17 801.56 506.79 924.56 527.20
00000195 00000194 700.71 160.26 362.56 492.55 808.42 319.82 969.53 342.56 877.78 427.91 801.26 506.75 924.61 527.13
00000196 00000195 701.74 158.03 363.64 494.63 810.68 320.96 972.33 343.45 881.20 428.01 804.60 507.42 928.85 527.61
00000197 00000196 703.62 157.69 364.40 495.59 812.65 321.47 975.21 343.84 883.20 428.20 805.62 506.84 931.84 527.16
00000198 00000197 706.84 160.22 364.16 494.69 814.05 322.34 978.11 344.11 884.93 429.54 807.83 509.19 934.86 528.95
00000199 00000198 710.31 162.53 363.07 493.17 815.98 322.04 980.67 343.79 886.95 430.55 810.35 510.45 937.37 530.12
00000200 00000199 709.46 163.23 363.19 489.54 811.01 318.95 981.43 333.18 885.11 435.90 814.43 518.47 939.56 529.93
00000201 00000200 709.19 164.09 363.34 486.88 811.06 318.99 981.40 333.20 884.89 435.87 814.52 518.50 939.46 529.97
00000202 00000201 709.93 165.48 363.22 484.51 812.80 318.54 983.48 332.69 887.14 435.74 816.25 518.94 941.72 530.37
00000203 00000202 712.49 166.71 362.41 484.76 823.73 320.55 985.16 345.34 892.29 431.63 811.49 504.95 938.65 527.39
00000204 00000203 713.83 166.78 361.62 485.11 824.27 319.83 985.91 345.11 892.91 432.09 811.69 504.60 939.25 527.37
00000205 00000204 715.16 167.48 360.82 485.06 824.12 320.20 985.86 345.35 891.58 431.80 811.09 505.14 938.77 527.84
00000206 00000205 716.11 166.75 360.55 485.81 823.76 319.64 986.16 344.76 891.11 431.75 810.95 505.52 939.02 528.12
00000207 00000206 716.86 167.00 360.12 485.92 824.18 319.57 986.36 344.85 891.17 431.83 811.33 505.57 938.90 528.34
00000208 00000207 717.60 166.65 360.14 486.53 824.26 319.85 986.16 345.07 890.50 429.75 812.01 506.41 938.57 529.14
00000209 00000208 714.55 165.85 361.73 487.59 812.17 321.25 984.45 335.13 885.27 436.44 814.03 523.98 941.43 535.06
00000210 00000209 715.11 170.95 362.42 489.59 814.93 324.97 985.33 349.55 885.26 436.81 807.95 522.62 938.65 544.88
00000211 00000210 715.95 171.62 362.47 491.42 814.40 324.68 984.59 349.73 883.23 437.48 806.55 522.45 936.68 545.24
00000212 00000211 719.02 168.64 360.79 491.75 820.47 322.85 980.87 347.33 880.98 433.66 808.68 513.53 933.75 536.01
00000213 00000212 720.49 167.47 359.55 491.86 820.19 322.72 980.83 346.97 880.84 433.79 808.59 513.42 933.91 535.72
00000214 00000213 721.73 163.89 359.39 491.94 822.50 317.69 984.58 343.38 883.66 427.58 810.56 509.02 935.23 532.31
00000215 00000214 723.80 158.84 359.71 493.33 824.93 313.63 987.08 340.58 885.64 424.14 811.91 503.86 937.51 528.26
00000216 00000215 724.50 154.40 361.28 495.26 826.88 311.47 989.14 338.93 888.50 421.89 813.77 500.86 938.99 525.65
00000217 00000216 725.26 152.29 362.18 496.43 828.57 310.11 991.07 337.41 890.93 421.04 815.32 499.88 940.73 524.56
00000218 00000217 727.28 151.52 362.36 496.97 830.65 309.25 992.55 338.06 891.22 421.04 816.08 499.19 940.40 525.15
00000219 00000218 727.74 151.31 362.41 497.23 830.43 309.12 992.20 337.87 890.96 420.97 815.46 498.74 940.14 524.67
00000220 00000219 727.57 152.15 362.40 496.97 831.31 310.12 992.44 339.68 891.86 422.13 816.11 500.23 939.14 526.69
00000221 00000220 727.56 155.35 361.53 495.98 831.05 311.82 992.97 341.36 891.41 424.95 814.66 503.38 938.87 529.93
00000222 00000221 728.34 159.97 360.73 495.07 832.00 313.99 994.08 344.74 891.21 430.93 812.91 507.09 937.89 534.82
00000223 00000222 728.76 161.72 359.30 496.11 831.59 318.04 992.54 348.96 890.29 436.28 813.39 511.87 937.27 539.74
00000224 00000223 728.16 163.37 359.32 497.01 832.62 321.73 992.33 352.90 891.33 438.82 813.98 513.44 936.47 541.35
00000225 00000224 727.88 163.83 359.08 497.59 832.53 321.65 992.07 352.82 891.22 438.85 813.97 513.48 936.46 541.34
450 0 1443 993
