1,1,346.16,80.91,631.97,525.20
2,1,346.41,80.13,633.55,526.62
3,1,346.09,79.83,634.12,528.72
4,1,342.21,75.84,634.77,538.91
5,1,340.25,72.26,639.13,542.24
6,1,337.58,74.36,641.12,550.73
7,1,334.66,76.95,640.67,558.00
8,1,331.96,77.80,638.60,561.33
9,1,329.44,78.46,636.06,563.63
10,1,327.95,76.21,635.72,563.60
11,1,325.23,73.24,634.51,564.59
12,1,322.79,70.94,633.77,564.22
13,1,320.02,66.00,635.53,558.35
14,1,317.73,62.65,634.77,550.83
15,1,313.70,63.55,629.00,548.28
16,1,311.03,64.26,624.45,545.13
17,1,310.87,62.90,626.21,539.54
18,1,307.71,65.13,621.60,540.23
19,1,306.81,66.77,619.33,541.93
20,1,305.73,68.72,617.95,544.97
21,1,304.28,70.74,616.35,548.69
22,1,302.23,72.91,614.02,551.91
23,1,300.53,73.74,611.83,553.12
24,1,299.49,74.17,610.12,552.99
25,1,299.67,74.79,609.49,552.88
26,1,299.70,74.94,608.72,551.60
27,1,300.58,74.83,608.25,549.75
28,1,300.33,73.74,607.04,546.61
29,1,302.71,69.85,609.06,540.81
30,1,304.56,68.40,609.90,536.45
31,1,306.38,71.96,609.77,538.64
32,1,308.49,72.09,610.07,536.79
33,1,308.18,69.57,607.79,530.95
34,1,309.43,69.79,607.26,530.37
35,1,311.64,70.61,607.33,530.93
36,1,314.67,75.71,609.91,530.76
37,1,315.89,75.78,610.98,523.64
38,1,315.27,75.97,609.56,516.29
39,1,313.79,72.32,607.37,508.90
40,1,312.60,71.60,605.16,504.22
41,1,312.22,72.00,604.17,500.89
42,1,310.22,72.86,601.12,499.46
43,1,308.27,73.57,598.28,497.59
44,1,305.65,74.37,595.30,497.42
45,1,303.83,72.01,593.63,496.25
46,1,300.44,73.51,591.13,498.82
47,1,299.95,71.42,591.84,500.18
48,1,297.97,71.91,591.03,505.06
49,1,294.61,74.79,588.44,512.47
50,1,292.23,77.43,586.55,519.64
51,1,288.11,78.93,584.09,525.78
52,1,286.57,80.84,583.84,532.82
53,1,285.06,80.06,583.92,536.56
54,1,284.88,79.73,585.50,541.41
55,1,284.58,76.72,587.12,543.00
56,1,284.38,75.56,588.05,546.07
57,1,286.44,81.05,594.67,556.47
58,1,287.54,84.54,600.36,565.57
59,1,286.05,85.38,603.06,570.20
60,1,283.54,90.91,604.30,579.97
61,1,284.24,100.34,607.54,593.54
62,1,282.19,106.10,606.73,599.76
63,1,282.38,118.46,607.79,610.28
64,1,282.23,123.97,605.29,616.60
65,1,281.71,127.66,603.64,621.11
66,1,280.91,129.09,601.66,623.19
67,1,280.68,128.95,600.69,623.86
68,1,280.66,127.72,600.44,623.45
69,1,281.05,126.26,601.04,622.69
70,1,281.17,124.94,601.31,621.75
71,1,281.45,123.97,601.35,621.13
72,1,284.19,128.16,608.85,623.07
73,1,283.20,123.63,605.97,619.42
74,1,284.36,120.02,607.06,618.13
75,1,283.63,116.32,608.45,619.57
76,1,281.70,106.32,608.77,615.57
77,1,281.90,98.64,611.70,611.19
78,1,283.17,89.18,614.23,607.05
79,1,283.40,80.31,616.85,601.21
80,1,282.83,71.98,616.65,591.85
81,1,283.66,66.37,618.97,582.13
82,1,283.22,61.83,618.81,572.48
83,1,283.87,60.91,619.62,565.67
84,1,284.88,62.36,619.36,561.30
85,1,286.28,64.28,619.05,557.34
86,1,290.79,65.62,621.78,552.23
87,1,294.20,67.06,623.64,547.64
88,1,294.17,69.52,621.96,546.69
89,1,296.24,71.08,623.05,544.65
90,1,298.44,72.65,624.74,543.42
91,1,302.18,74.11,625.93,542.06
92,1,299.94,71.84,622.26,536.96
93,1,302.73,75.41,624.54,537.82
94,1,306.38,77.75,627.71,538.02
95,1,309.64,78.86,629.73,537.11
96,1,312.68,75.25,627.23,528.61
97,1,315.82,74.53,626.79,523.73
98,1,318.81,77.75,631.24,526.31
99,1,320.98,79.61,635.25,527.55
100,1,319.89,80.64,632.94,529.00
101,1,319.91,81.27,631.78,530.39
102,1,319.98,81.42,630.85,531.86
103,1,320.20,81.40,630.62,533.12
104,1,320.46,81.32,630.71,534.00
105,1,320.66,80.66,631.11,533.87
106,1,320.59,80.37,631.06,533.65
107,1,312.16,76.23,626.21,528.98
108,1,309.13,75.72,624.67,528.47
109,1,307.16,77.01,623.26,529.70
110,1,305.23,78.18,621.08,531.33
111,1,307.22,81.30,624.58,535.72
112,1,306.45,83.40,625.15,538.81
113,1,305.06,84.12,625.30,540.56
114,1,305.83,81.14,626.75,539.00
115,1,305.49,80.18,627.07,539.46
116,1,305.17,80.65,627.60,541.20
117,1,305.53,81.51,628.77,543.75
118,1,305.87,81.71,630.23,546.16
119,1,306.53,82.31,631.89,548.26
120,1,305.81,83.93,630.73,550.42
121,1,300.43,81.95,624.39,550.39
122,1,300.04,82.27,623.28,550.98
123,1,300.61,81.63,621.69,550.85
124,1,302.20,82.30,621.62,551.71
125,1,303.04,84.43,621.11,553.21
126,1,310.03,89.69,629.09,556.32
127,1,312.84,92.19,632.83,557.77
128,1,313.75,94.58,634.43,560.06
129,1,313.99,96.57,634.84,562.40
130,1,314.31,98.44,635.19,564.80
131,1,314.77,99.50,635.97,566.30
132,1,314.69,99.64,636.41,567.00
133,1,313.99,100.15,636.33,567.74
134,1,312.66,100.63,635.45,568.69
135,1,310.78,101.57,633.18,569.91
136,1,308.83,101.86,630.31,570.44
137,1,307.63,102.11,628.48,571.42
138,1,304.34,100.36,623.44,573.17
139,1,302.42,99.93,620.85,576.53
140,1,303.62,102.80,623.06,579.16
141,1,304.90,100.65,625.20,578.72
142,1,299.76,99.71,618.85,579.03
143,1,297.21,102.09,615.15,581.55
144,1,294.98,105.68,612.76,586.47
145,1,293.24,111.45,611.43,592.33
146,1,295.15,120.65,613.58,603.73
147,1,295.95,125.51,615.59,605.51
148,1,295.88,127.57,617.31,604.95
149,1,295.46,127.67,617.90,602.91
150,1,295.40,126.96,618.61,600.91
151,1,295.11,126.60,618.88,599.67
152,1,295.13,125.41,619.06,598.46
153,1,295.40,123.73,619.38,596.81
154,1,295.82,121.85,620.28,595.11
155,1,295.38,118.18,620.69,593.22
156,1,294.43,112.70,620.96,590.03
157,1,293.44,109.17,617.16,591.17
158,1,296.35,101.95,620.39,588.40
159,1,295.75,93.42,619.50,582.87
160,1,296.13,81.33,618.97,572.96
161,1,298.75,73.47,620.89,567.20
162,1,299.45,69.00,622.04,563.49
163,1,300.03,67.42,623.39,562.62
164,1,301.22,66.20,625.80,561.71
165,1,301.38,65.35,627.03,561.12
166,1,306.94,67.89,632.31,560.71
167,1,309.56,69.49,635.94,561.83
168,1,309.12,73.91,635.71,565.52
169,1,307.24,79.85,634.20,569.99
170,1,305.77,86.01,635.65,576.40
171,1,305.38,87.13,636.34,579.17
172,1,303.51,85.34,635.76,579.30
173,1,299.92,83.22,633.70,577.24
174,1,294.99,78.00,629.21,572.71
175,1,290.77,75.62,625.91,569.24
176,1,288.02,77.00,624.29,567.59
177,1,286.01,78.85,622.82,566.12
178,1,284.40,80.58,620.43,564.62
179,1,284.46,81.64,619.90,563.22
180,1,284.44,82.48,619.33,564.74
181,1,285.64,82.28,620.99,567.54
182,1,286.84,80.88,622.66,568.98
183,1,286.99,79.67,622.37,569.25
184,1,286.99,79.87,621.80,570.68
185,1,287.88,80.96,622.81,572.74
186,1,289.76,82.59,625.60,574.78
187,1,290.69,83.72,627.51,576.67
188,1,290.76,85.49,628.30,578.93
189,1,290.28,85.71,628.10,579.52
190,1,289.86,86.05,627.78,579.79
191,1,289.35,86.17,627.42,579.90
192,1,289.23,85.87,627.40,579.80
193,1,289.25,86.02,627.43,579.90
194,1,289.57,86.37,627.63,580.18
195,1,289.74,85.51,627.57,579.46
196,1,289.87,85.13,627.32,579.44
197,1,291.19,84.19,629.70,579.23
198,1,290.65,85.56,630.31,583.34
199,1,290.20,85.72,629.43,589.73
200,1,290.16,84.03,628.82,592.21
201,1,291.04,79.01,629.17,587.84
202,1,290.91,71.65,627.11,577.79
203,1,292.62,68.26,626.87,570.52
204,1,294.77,66.15,625.62,563.26
205,1,300.53,63.49,628.27,556.70
206,1,305.10,62.34,631.78,553.61
207,1,306.42,65.72,632.98,555.65
208,1,309.22,66.92,635.00,557.09
209,1,312.35,69.35,637.85,559.95
210,1,312.32,65.26,638.83,553.78
211,1,312.83,63.30,640.93,550.18
212,1,313.95,64.20,643.45,549.81
213,1,315.25,65.11,645.12,549.89
214,1,318.17,71.68,646.08,557.76
215,1,319.83,73.95,645.96,560.73
216,1,321.38,74.98,646.14,563.44
217,1,319.77,70.58,646.82,557.74
218,1,321.47,70.77,646.96,559.43
219,1,322.54,70.90,647.47,560.16
220,1,322.53,71.50,646.79,560.85
221,1,322.16,71.14,645.65,560.71
222,1,321.17,72.50,643.12,562.61
223,1,320.29,74.60,640.60,565.97
224,1,319.95,76.84,637.30,571.33
225,1,318.94,74.51,636.39,567.66
226,1,320.96,75.16,638.87,570.96
227,1,321.28,77.94,640.55,576.78
228,1,320.80,78.37,641.93,580.02
229,1,319.67,78.52,643.83,581.53
230,1,318.61,79.80,645.02,583.29
231,1,318.20,80.30,647.02,584.52
232,1,320.60,81.68,648.83,585.15
233,1,318.65,85.01,645.91,594.10
234,1,318.28,87.42,644.95,601.39
235,1,318.12,87.73,644.73,605.17
236,1,317.73,86.94,644.05,606.64
237,1,317.48,84.62,644.04,605.53
238,1,317.22,82.81,644.57,604.99
239,1,317.09,80.98,645.66,604.60
240,1,316.88,80.74,646.11,604.19
241,1,316.72,80.23,646.33,603.21
242,1,316.11,79.81,645.62,602.33
243,1,316.13,80.04,645.23,601.88
244,1,316.50,80.56,646.62,599.26
245,1,316.78,81.92,647.17,598.48
246,1,316.95,83.08,646.57,597.61
247,1,316.89,82.49,645.76,597.33
248,1,314.23,82.36,646.36,598.34
249,1,315.23,81.08,646.63,596.22
250,1,316.05,80.05,646.58,594.83
251,1,316.93,76.69,645.47,588.83
252,1,318.87,72.59,645.56,580.62
253,1,321.84,69.71,647.51,573.09
254,1,317.92,67.90,643.95,567.23
255,1,316.85,68.04,642.42,564.51
256,1,316.65,68.61,641.10,562.19
257,1,315.98,70.56,639.23,561.04
258,1,315.86,72.12,637.61,560.56
259,1,316.41,75.43,636.61,564.11
260,1,316.74,77.91,635.86,569.36
261,1,315.86,78.80,633.78,572.22
262,1,314.74,77.83,632.01,573.53
263,1,314.39,76.65,631.82,573.54
264,1,312.23,74.22,630.06,571.05
265,1,311.19,74.15,629.06,570.91
266,1,312.21,75.81,630.41,575.04
267,1,312.13,79.97,631.43,581.08
268,1,311.90,80.83,632.43,582.94
269,1,310.90,80.36,632.92,583.20
270,1,310.80,79.40,634.10,583.30
271,1,312.86,76.66,638.04,581.67
272,1,314.40,74.37,640.72,580.76
273,1,316.49,72.72,643.88,580.07
274,1,317.43,71.30,645.15,579.01
275,1,317.94,71.36,646.15,579.78
276,1,317.96,73.49,645.83,582.14
277,1,317.82,77.02,646.77,584.10
278,1,319.97,82.51,648.65,588.07
279,1,322.11,85.28,650.14,589.89
280,1,323.02,86.08,650.91,587.86
281,1,325.30,83.26,652.25,584.67
282,1,327.51,80.69,652.22,582.35
283,1,328.60,79.09,651.43,580.02
284,1,329.10,76.84,651.35,577.03
285,1,329.75,74.69,651.52,573.48
286,1,330.48,74.18,651.81,571.95
287,1,331.32,73.40,652.59,569.86
288,1,331.73,73.87,652.99,569.32
289,1,331.53,73.51,653.28,567.41
290,1,330.14,74.88,653.59,566.97
291,1,330.23,77.67,653.29,568.66
292,1,332.77,78.35,655.41,567.85
293,1,328.18,77.69,650.64,565.97
294,1,323.67,77.14,646.70,563.76
295,1,323.67,81.83,643.06,567.87
296,1,324.58,82.19,641.38,564.93
297,1,322.39,81.11,637.60,561.38
298,1,322.38,80.88,636.21,559.94
299,1,325.82,84.25,638.01,561.02
300,1,326.11,83.85,637.61,560.17
301,1,325.29,84.77,635.99,560.41
302,1,323.04,88.65,632.27,569.71
303,1,321.18,90.29,629.67,575.75
304,1,320.52,89.70,633.24,575.04
305,1,317.96,88.59,633.40,574.64
306,1,314.36,88.46,631.08,573.08
307,1,310.19,87.84,627.18,570.66
308,1,307.07,86.32,623.59,566.92
309,1,304.38,84.24,619.93,562.30
310,1,301.88,83.34,616.96,558.81
311,1,300.14,83.32,614.46,556.62
312,1,298.50,84.61,611.19,556.69
313,1,296.97,85.28,607.78,555.99
314,1,296.73,88.72,604.20,559.62
315,1,296.34,88.39,602.78,557.13
316,1,296.28,90.26,600.26,559.92
317,1,295.97,88.46,600.00,556.84
318,1,296.04,87.91,600.08,555.47
319,1,296.38,87.31,600.71,554.43
320,1,296.33,87.28,600.85,555.12
321,1,296.70,86.47,601.95,556.42
322,1,297.42,86.27,603.59,558.76
323,1,297.92,85.09,604.89,560.37
324,1,298.83,84.08,606.81,562.36
325,1,299.81,83.54,609.13,564.36
326,1,302.04,82.15,613.39,566.55
327,1,304.54,78.71,618.41,567.53
328,1,307.29,77.44,622.89,570.54
329,1,311.35,74.73,626.88,572.74
330,1,313.75,70.42,625.60,570.05
331,1,315.31,72.91,629.01,573.63
332,1,318.44,69.17,632.60,573.07
333,1,320.59,65.69,634.29,571.68
334,1,322.79,64.06,636.15,570.26
335,1,325.40,61.98,638.77,567.33
336,1,328.00,56.35,639.22,559.73
337,1,332.47,58.38,642.74,558.85
338,1,335.54,59.55,645.17,556.76
339,1,336.95,57.32,648.72,552.23
340,1,338.87,54.79,652.60,547.32
341,1,341.06,54.09,656.72,545.36
342,1,344.87,55.66,661.93,546.05
343,1,347.30,56.21,664.97,546.47
344,1,348.85,56.70,666.93,546.95
345,1,350.38,56.64,669.07,547.71
346,1,351.19,56.89,669.83,548.99
347,1,351.52,57.50,669.84,550.60
348,1,352.67,58.38,673.88,553.50
349,1,354.77,59.55,677.22,556.60
350,1,356.74,61.55,678.71,560.77
351,1,358.90,62.57,681.29,564.11
352,1,361.15,63.14,684.80,567.89
353,1,360.62,68.29,684.88,578.03
354,1,359.35,71.22,683.37,585.82
355,1,359.24,70.91,685.05,589.82
356,1,358.47,72.61,686.82,595.70
357,1,359.84,75.82,688.43,602.18
358,1,360.59,77.33,689.78,606.76
359,1,360.03,80.28,689.85,608.07
360,1,361.03,83.29,690.95,608.40
361,1,363.11,85.05,692.78,608.04
362,1,364.28,85.86,693.90,606.92
363,1,364.75,84.68,694.43,604.68
364,1,366.13,82.70,697.35,604.46
365,1,367.05,81.65,698.44,603.18
366,1,368.06,80.48,699.04,600.56
367,1,366.94,79.77,697.02,594.76
368,1,366.13,79.04,696.08,590.08
369,1,366.06,80.30,695.88,588.11
370,1,366.23,81.08,696.07,586.27
371,1,366.14,80.42,696.38,583.35
372,1,367.84,80.56,697.70,582.32
373,1,368.31,80.79,698.17,581.68
374,1,368.40,81.82,698.21,582.00
375,1,365.72,81.62,696.78,581.55
376,1,366.72,83.34,697.61,582.11
377,1,365.57,81.33,697.07,580.25
378,1,364.80,80.05,696.29,578.55
379,1,364.82,79.42,696.33,576.66
380,1,365.67,79.13,694.25,573.51
381,1,365.96,74.95,691.36,569.96
382,1,365.12,76.52,688.99,572.54
383,1,363.39,77.63,687.65,573.92
384,1,357.92,72.68,683.75,569.81
385,1,353.71,74.60,680.40,571.09
386,1,348.66,68.25,675.24,563.06
387,1,341.03,69.24,668.26,560.79
388,1,336.36,70.54,663.21,558.18
389,1,333.33,70.28,660.89,554.34
390,1,331.40,70.28,659.56,551.47
391,1,330.51,70.50,658.52,549.40
392,1,329.55,71.15,657.82,549.23
393,1,328.64,72.20,657.00,549.48
394,1,328.88,73.40,657.65,551.94
395,1,328.58,73.68,656.88,553.89
396,1,328.43,74.77,656.64,557.08
397,1,328.22,75.39,656.31,560.64
398,1,332.23,76.01,660.30,563.44
399,1,332.94,81.38,663.04,571.09
400,1,334.94,79.54,664.93,571.35
401,1,336.37,76.21,665.49,569.80
402,1,337.05,73.60,667.11,565.72
403,1,338.08,72.80,668.35,564.46
404,1,339.53,72.65,669.26,564.16
405,1,340.80,73.84,666.87,566.60
406,1,342.32,73.83,665.75,568.01
407,1,343.88,73.51,665.76,568.99
408,1,346.12,72.93,667.49,568.75
409,1,347.61,72.58,669.03,568.68
410,1,347.81,71.24,669.62,568.23
411,1,347.81,70.59,669.92,568.60
412,1,347.29,71.68,670.27,571.98
413,1,345.42,74.20,668.39,577.00
414,1,344.95,79.26,668.17,585.85
415,1,343.16,83.67,666.60,594.44
416,1,342.76,89.52,666.70,603.76
417,1,342.64,95.75,667.52,612.84
418,1,343.34,104.22,668.73,625.36
419,1,343.02,110.56,669.41,633.60
420,1,342.69,116.67,669.33,642.42
421,1,342.56,118.57,669.05,645.62
422,1,342.44,118.20,668.82,645.23
423,1,342.20,117.45,668.04,643.51
424,1,342.03,115.84,667.16,640.24
425,1,342.35,115.17,666.60,637.65
426,1,341.97,114.56,665.85,635.27
427,1,341.18,113.89,665.10,634.01
428,1,340.20,113.13,664.43,633.10
429,1,339.37,112.52,663.74,632.65
430,1,338.98,112.86,663.59,632.85
431,1,339.13,113.79,664.22,633.16
432,1,339.22,114.54,664.21,633.84
433,1,339.87,115.17,665.95,633.21
434,1,342.05,116.69,673.15,632.43
435,1,340.87,115.31,669.95,630.36
436,1,340.14,112.79,668.54,627.86
437,1,343.12,108.95,675.56,623.88
438,1,341.55,104.77,677.72,621.16
439,1,337.29,98.01,676.06,613.62
440,1,334.88,90.23,674.80,605.71
441,1,331.24,85.49,666.89,600.77
442,1,325.60,76.98,662.62,593.54
443,1,322.51,74.57,661.92,592.05
444,1,318.45,70.42,657.66,586.40
445,1,314.81,63.13,649.70,572.11
446,1,312.98,57.41,644.70,556.05
447,1,312.85,55.16,641.17,544.74
448,1,313.17,53.67,638.33,536.34
449,1,316.22,54.83,641.48,530.42
450,1,316.56,56.20,637.86,527.84
451,1,318.42,60.13,638.06,531.89
452,1,320.18,65.59,637.33,537.54
453,1,322.43,70.16,638.93,544.77
454,1,323.38,74.44,639.67,552.29
455,1,323.86,76.35,639.90,557.76
456,1,322.84,76.21,638.00,557.15
457,1,325.52,79.49,643.23,558.98
458,1,321.70,81.19,637.69,560.44
459,1,318.27,83.27,636.51,563.66
460,1,315.08,89.04,634.71,571.02
461,1,314.63,91.20,633.75,575.52
462,1,314.61,90.72,632.42,576.69
463,1,318.35,89.47,635.57,576.90
464,1,321.75,87.57,637.59,575.69
465,1,324.55,85.11,638.32,572.27
466,1,326.24,88.46,638.76,572.95
467,1,326.97,90.07,638.63,572.59
468,1,328.04,91.01,639.87,571.62
469,1,327.81,92.65,639.43,573.48
470,1,326.48,94.89,636.82,577.20
471,1,325.48,95.83,634.68,579.19
472,1,324.71,92.05,635.85,576.08
473,1,325.95,90.54,637.34,576.62
474,1,325.55,91.43,636.04,575.55
475,1,325.51,90.34,634.73,571.65
476,1,329.27,87.44,637.24,564.85
477,1,328.67,85.91,636.52,561.02
478,1,328.96,84.27,636.96,558.83
479,1,327.03,83.43,633.93,557.66
480,1,327.20,80.25,634.89,555.02
481,1,327.91,79.16,635.83,554.59
482,1,328.10,77.53,636.74,553.60
483,1,327.13,78.25,636.15,554.01
484,1,325.18,78.97,633.89,554.81
485,1,323.48,80.34,632.86,556.55
486,1,319.01,83.48,628.67,560.60
487,1,314.90,87.57,625.07,564.62
488,1,309.54,91.67,621.88,569.03
489,1,304.00,96.42,617.86,574.52
490,1,297.59,99.55,610.70,579.02
491,1,292.67,99.74,605.73,579.99
492,1,289.59,96.89,600.81,577.70
493,1,280.90,89.64,593.01,566.52
494,1,283.29,88.30,594.36,561.44
495,1,284.18,86.88,594.40,557.68
496,1,284.20,85.96,593.76,555.39
497,1,283.76,85.62,592.79,554.18
498,1,283.22,85.28,591.96,553.19
499,1,276.54,81.30,587.08,549.44
500,1,274.16,79.63,585.74,547.93
501,1,272.74,79.27,585.12,547.79
