1,3,719.72,145.55,411.54,622.86,1,-1,-1,-1
2,3,718.91,136.62,415.14,627.52,1,-1,-1,-1
3,3,718.91,133.71,409.75,622.72,1,-1,-1,-1
4,3,719.97,135.95,408.96,619.76,1,-1,-1,-1
5,3,720.54,135.27,411.44,618.52,1,-1,-1,-1
6,3,719.60,133.63,411.74,620.46,1,-1,-1,-1
7,3,727.16,134.00,410.69,615.96,1,-1,-1,-1
8,3,732.42,136.04,417.11,619.54,1,-1,-1,-1
9,3,736.72,139.55,414.46,618.70,1,-1,-1,-1
10,3,742.76,140.09,417.36,620.47,1,-1,-1,-1
11,3,743.75,140.59,417.86,622.30,1,-1,-1,-1
12,3,736.07,138.37,411.78,623.30,1,-1,-1,-1
13,3,738.27,143.17,412.56,624.11,1,-1,-1,-1
14,3,737.06,158.44,410.56,616.85,1,-1,-1,-1
15,3,735.46,160.47,418.01,617.23,1,-1,-1,-1
16,3,727.74,165.76,413.52,612.77,1,-1,-1,-1
17,3,721.37,168.63,409.85,610.32,1,-1,-1,-1
18,3,718.64,167.82,407.19,609.19,1,-1,-1,-1
19,3,720.08,168.22,412.29,608.48,1,-1,-1,-1
20,3,721.51,165.59,415.85,609.87,1,-1,-1,-1
21,3,719.46,166.83,419.73,607.62,1,-1,-1,-1
22,3,714.94,167.12,420.32,607.99,1,-1,-1,-1
23,3,713.14,165.96,422.84,608.07,1,-1,-1,-1
24,3,712.91,164.97,424.69,608.18,1,-1,-1,-1
25,3,715.53,161.73,428.12,611.75,1,-1,-1,-1
26,3,718.12,155.90,420.62,611.55,1,-1,-1,-1
27,3,715.15,157.41,425.00,613.58,1,-1,-1,-1
28,3,711.42,160.33,425.52,612.79,1,-1,-1,-1
29,3,709.91,161.97,425.27,612.63,1,-1,-1,-1
30,3,706.55,163.22,426.61,612.84,1,-1,-1,-1
31,3,707.52,161.80,426.46,612.63,1,-1,-1,-1
32,3,702.50,144.79,423.54,621.16,1,-1,-1,-1
33,3,694.45,138.19,423.64,623.05,1,-1,-1,-1
34,3,690.06,127.79,428.91,628.64,1,-1,-1,-1
35,3,681.23,120.30,430.82,630.01,1,-1,-1,-1
36,3,683.12,120.17,424.82,630.93,1,-1,-1,-1
37,3,686.02,119.02,420.51,630.84,1,-1,-1,-1
38,3,682.30,121.17,418.85,629.04,1,-1,-1,-1
39,3,681.23,118.11,419.68,629.30,1,-1,-1,-1
40,3,678.05,120.21,418.69,629.41,1,-1,-1,-1
41,3,675.37,120.86,418.62,628.61,1,-1,-1,-1
42,3,678.63,119.42,419.48,628.10,1,-1,-1,-1
43,3,680.08,115.64,420.27,629.59,1,-1,-1,-1
44,3,687.05,109.72,414.81,628.98,1,-1,-1,-1
45,3,697.13,103.98,411.24,627.02,1,-1,-1,-1
46,3,704.14,94.19,411.48,624.95,1,-1,-1,-1
47,3,713.58,85.79,411.04,624.17,1,-1,-1,-1
48,3,724.43,76.96,409.53,623.72,1,-1,-1,-1
49,3,740.03,76.45,406.24,617.25,1,-1,-1,-1
50,3,757.95,70.23,403.63,609.60,1,-1,-1,-1
51,3,769.87,63.14,398.82,610.37,1,-1,-1,-1
52,3,778.69,80.74,396.54,598.03,1,-1,-1,-1
53,3,781.45,84.44,391.65,591.64,1,-1,-1,-1
54,3,780.46,90.40,392.08,589.03,1,-1,-1,-1
55,3,779.67,92.08,390.98,591.99,1,-1,-1,-1
56,3,776.85,91.82,389.43,594.83,1,-1,-1,-1
57,3,768.26,92.86,387.05,597.79,1,-1,-1,-1
58,3,755.96,103.00,386.28,595.64,1,-1,-1,-1
59,3,741.19,117.07,382.89,591.87,1,-1,-1,-1
60,3,725.61,121.23,383.20,594.08,1,-1,-1,-1
61,3,716.70,138.98,383.08,590.50,1,-1,-1,-1
62,3,716.22,147.42,385.07,591.84,1,-1,-1,-1
63,3,714.92,151.13,384.56,594.84,1,-1,-1,-1
64,3,714.89,155.33,388.14,596.29,1,-1,-1,-1
65,3,712.46,161.72,391.21,593.75,1,-1,-1,-1
66,3,712.32,161.72,393.97,594.35,1,-1,-1,-1
67,3,714.84,158.09,393.89,596.15,1,-1,-1,-1
68,3,725.87,160.72,395.47,594.64,1,-1,-1,-1
69,3,733.28,169.30,396.32,591.05,1,-1,-1,-1
70,3,738.02,173.31,397.55,588.20,1,-1,-1,-1
71,3,742.44,177.38,399.45,584.49,1,-1,-1,-1
72,3,747.22,179.90,399.89,582.47,1,-1,-1,-1
73,3,749.65,180.64,398.44,585.47,1,-1,-1,-1
74,3,750.71,186.26,397.83,585.44,1,-1,-1,-1
75,3,748.95,183.05,396.30,590.89,1,-1,-1,-1
76,3,747.61,185.92,396.57,591.26,1,-1,-1,-1
77,3,743.37,191.53,395.74,590.66,1,-1,-1,-1
78,3,736.08,186.89,395.00,590.38,1,-1,-1,-1
79,3,727.95,185.36,397.95,593.36,1,-1,-1,-1
80,3,728.47,191.78,397.18,590.95,1,-1,-1,-1
81,3,726.70,192.38,396.41,589.83,1,-1,-1,-1
82,3,726.07,207.34,396.56,584.15,1,-1,-1,-1
83,3,722.04,206.21,396.36,584.80,1,-1,-1,-1
84,3,722.11,212.46,395.59,583.30,1,-1,-1,-1
85,3,720.18,223.08,395.58,577.56,1,-1,-1,-1
86,3,719.22,227.00,394.57,574.17,1,-1,-1,-1
87,3,719.51,231.69,393.20,569.94,1,-1,-1,-1
88,3,716.68,224.52,391.53,572.51,1,-1,-1,-1
89,3,720.34,232.44,394.66,569.61,1,-1,-1,-1
90,3,716.68,231.49,391.57,567.96,1,-1,-1,-1
91,3,716.31,235.42,389.91,566.00,1,-1,-1,-1
92,3,716.66,234.94,390.33,567.57,1,-1,-1,-1
93,3,718.23,235.78,390.54,566.69,1,-1,-1,-1
94,3,718.71,238.34,391.48,566.64,1,-1,-1,-1
95,3,719.59,244.07,392.11,562.75,1,-1,-1,-1
96,3,720.13,246.70,393.07,560.05,1,-1,-1,-1
97,3,720.88,247.23,392.52,557.54,1,-1,-1,-1
98,3,718.81,246.88,391.84,558.50,1,-1,-1,-1
99,3,715.84,230.57,393.09,565.49,1,-1,-1,-1
100,3,710.81,208.99,397.35,568.01,1,-1,-1,-1
101,3,708.08,184.79,397.61,572.10,1,-1,-1,-1
102,3,698.17,169.11,397.85,575.79,1,-1,-1,-1
103,3,694.38,162.29,395.94,573.11,1,-1,-1,-1
104,3,694.93,154.52,395.01,570.86,1,-1,-1,-1
105,3,697.56,151.68,394.25,568.67,1,-1,-1,-1
106,3,696.02,149.60,393.06,567.27,1,-1,-1,-1
107,3,695.01,140.83,391.83,569.94,1,-1,-1,-1
108,3,695.17,133.90,390.36,571.42,1,-1,-1,-1
109,3,697.07,133.26,393.46,572.89,1,-1,-1,-1
110,3,701.74,134.41,394.43,573.82,1,-1,-1,-1
111,3,709.38,133.15,393.16,575.37,1,-1,-1,-1
112,3,716.66,133.97,388.98,574.46,1,-1,-1,-1
113,3,717.98,139.25,391.82,574.74,1,-1,-1,-1
114,3,723.61,136.83,391.42,575.60,1,-1,-1,-1
115,3,729.32,142.16,390.60,574.65,1,-1,-1,-1
116,3,733.10,146.47,387.87,573.36,1,-1,-1,-1
117,3,744.32,146.95,383.38,572.81,1,-1,-1,-1
118,3,764.28,149.88,372.87,568.74,1,-1,-1,-1
119,3,773.75,152.19,366.22,566.56,1,-1,-1,-1
120,3,765.19,145.56,371.26,571.54,1,-1,-1,-1
121,3,761.07,151.30,373.36,578.23,1,-1,-1,-1
122,3,760.62,152.31,376.31,578.03,1,-1,-1,-1
123,3,760.45,148.06,377.49,580.11,1,-1,-1,-1
124,3,759.63,142.34,379.15,584.73,1,-1,-1,-1
125,3,764.20,143.52,379.68,582.65,1,-1,-1,-1
126,3,760.98,143.39,378.32,581.16,1,-1,-1,-1
127,3,761.68,139.95,373.64,583.36,1,-1,-1,-1
128,3,763.39,137.94,372.16,585.96,1,-1,-1,-1
129,3,766.80,134.27,373.67,586.78,1,-1,-1,-1
130,3,772.68,128.43,375.82,591.15,1,-1,-1,-1
131,3,781.08,120.27,374.19,588.73,1,-1,-1,-1
132,3,797.86,133.89,367.78,584.45,1,-1,-1,-1
133,3,811.55,139.83,366.21,580.73,1,-1,-1,-1
134,3,806.85,148.17,363.80,574.34,1,-1,-1,-1
135,3,807.80,157.29,363.73,569.47,1,-1,-1,-1
136,3,808.07,160.96,361.66,566.88,1,-1,-1,-1
137,3,808.65,163.83,360.72,566.17,1,-1,-1,-1
138,3,808.36,169.22,359.75,566.38,1,-1,-1,-1
139,3,812.36,168.21,359.09,566.46,1,-1,-1,-1
140,3,814.71,166.29,360.03,570.34,1,-1,-1,-1
141,3,797.82,148.67,365.63,574.25,1,-1,-1,-1
142,3,794.36,156.01,363.59,574.97,1,-1,-1,-1
143,3,781.12,155.33,365.65,579.02,1,-1,-1,-1
144,3,778.45,162.25,370.62,575.54,1,-1,-1,-1
145,3,777.10,165.63,375.82,570.94,1,-1,-1,-1
146,3,779.34,163.13,378.26,572.08,1,-1,-1,-1
147,3,778.49,162.96,380.83,570.97,1,-1,-1,-1
148,3,769.21,158.92,380.73,572.48,1,-1,-1,-1
149,3,763.56,154.09,383.96,576.20,1,-1,-1,-1
150,3,758.46,154.95,387.84,577.37,1,-1,-1,-1
151,3,757.52,151.80,389.67,582.67,1,-1,-1,-1
152,3,758.19,150.56,389.02,585.17,1,-1,-1,-1
153,3,757.51,155.09,389.42,585.88,1,-1,-1,-1
154,3,756.69,155.22,386.02,588.79,1,-1,-1,-1
155,3,751.47,153.68,385.40,590.30,1,-1,-1,-1
156,3,748.47,153.88,386.37,589.19,1,-1,-1,-1
157,3,746.78,160.94,389.70,586.00,1,-1,-1,-1
158,3,747.54,160.79,391.77,585.65,1,-1,-1,-1
159,3,746.04,167.31,393.55,585.85,1,-1,-1,-1
160,3,744.72,162.78,395.35,585.50,1,-1,-1,-1
161,3,739.06,158.40,391.29,586.51,1,-1,-1,-1
162,3,736.80,157.71,392.37,585.44,1,-1,-1,-1
163,3,732.40,157.21,392.02,583.77,1,-1,-1,-1
164,3,730.03,157.90,390.92,581.18,1,-1,-1,-1
165,3,729.14,157.72,391.22,581.63,1,-1,-1,-1
166,3,728.18,153.35,390.09,585.96,1,-1,-1,-1
167,3,725.49,157.60,394.16,583.22,1,-1,-1,-1
168,3,715.41,156.71,395.55,587.96,1,-1,-1,-1
169,3,710.34,153.34,395.47,590.17,1,-1,-1,-1
170,3,710.35,172.22,396.52,581.70,1,-1,-1,-1
171,3,703.15,163.09,396.13,585.79,1,-1,-1,-1
172,3,700.96,160.96,395.88,589.25,1,-1,-1,-1
173,3,696.92,158.70,396.96,593.05,1,-1,-1,-1
174,3,696.30,160.96,399.23,594.33,1,-1,-1,-1
175,3,695.16,161.18,402.37,597.88,1,-1,-1,-1
176,3,693.95,160.97,403.05,599.60,1,-1,-1,-1
177,3,695.28,159.78,402.88,600.59,1,-1,-1,-1
178,3,696.58,160.93,402.88,600.11,1,-1,-1,-1
675.37,63.14,1177.76,806.82
