00000001 00000000 1899.73 559.38 468.99 721.50 2201.93 791.35 2326.45 846.98 2331.83 953.16 2146.41 1070.96 2232.59 1114.74
00000002 00000001 1838.90 519.05 495.76 733.13 2097.16 749.40 2292.52 754.07 2275.66 925.92 2101.26 1049.17 2260.43 1049.80
00000003 00000002 1751.83 439.20 535.91 754.63 2010.43 732.15 2232.77 751.15 2178.81 907.75 1983.82 990.17 2182.47 1004.02
00000004 00000003 1704.07 427.01 563.53 771.66 1955.25 737.16 2201.28 733.12 2142.92 909.42 1958.08 1011.98 2171.14 1007.56
00000005 00000004 1667.11 416.85 581.37 774.63 1905.65 741.08 2165.49 723.16 2096.55 917.70 1926.65 1015.05 2143.98 998.51
00000006 00000005 1637.42 418.46 590.04 769.73 1874.91 747.65 2137.19 729.71 2063.18 928.16 1897.51 1025.60 2110.34 1008.49
00000007 00000006 1618.40 433.85 592.87 760.29 1860.60 755.45 2122.72 739.37 2047.21 941.58 1878.41 1032.89 2091.05 1018.27
00000008 00000007 1633.34 500.51 610.69 766.78 1886.75 769.06 2154.50 781.65 2055.45 963.08 1886.29 1083.48 2116.98 1093.23
00000009 00000008 1635.48 524.79 625.18 767.98 1883.21 770.21 2154.24 787.70 2048.49 967.17 1876.87 1079.16 2111.78 1093.44
00000010 00000009 1639.14 527.23 636.02 767.71 1884.40 767.14 2157.47 782.99 2047.21 968.86 1879.26 1075.41 2113.26 1088.71
00000011 00000010 1644.54 523.14 640.61 769.08 1891.22 758.38 2159.11 778.36 2047.73 962.05 1883.27 1069.09 2111.74 1086.37
00000012 00000011 1623.26 454.88 641.06 757.43 1875.85 708.08 2143.36 737.10 2035.57 928.97 1853.89 974.18 2083.70 998.85
00000013 00000012 1619.25 433.00 649.17 766.40 1878.61 705.81 2152.92 732.21 2042.92 931.99 1862.96 1009.21 2081.89 1029.26
00000014 00000013 1616.28 420.76 656.60 774.77 1872.43 698.72 2152.84 722.65 2040.01 920.22 1861.23 1004.70 2087.69 1022.54
00000015 00000014 1604.65 391.09 644.22 761.36 1865.38 677.35 2128.70 719.94 2015.94 904.81 1827.43 934.89 2061.98 972.79
00000016 00000015 1597.52 387.30 637.20 754.40 1856.35 682.18 2121.22 728.07 2005.95 909.30 1817.53 942.86 2052.84 982.66
00000017 00000016 1598.10 409.68 641.70 763.26 1860.11 708.90 2133.68 728.26 2032.25 923.02 1846.13 1009.27 2067.37 1023.55
00000018 00000017 1592.66 412.23 640.78 754.35 1855.38 705.61 2124.74 738.35 2015.96 930.97 1826.19 973.13 2059.82 1002.44
00000019 00000018 1595.42 415.36 633.43 748.52 1860.50 711.86 2125.13 745.69 2018.98 932.01 1829.97 971.73 2065.15 1001.35
00000020 00000019 1606.04 415.87 626.57 745.24 1867.74 712.48 2135.96 750.65 2022.43 938.51 1833.21 977.16 2073.27 1012.00
00000021 00000020 1620.84 420.78 626.98 743.93 1887.07 719.03 2153.37 757.10 2045.18 941.07 1855.84 982.35 2091.46 1015.26
00000022 00000021 1639.53 432.93 625.32 741.83 1904.48 737.26 2174.04 750.68 2080.82 953.81 1892.93 1014.90 2115.36 1025.93
00000023 00000022 1654.74 443.06 626.52 742.83 1924.55 737.87 2187.70 757.30 2095.64 948.84 1907.33 1015.34 2124.98 1030.99
00000024 00000023 1663.02 444.62 626.88 744.19 1932.43 737.11 2199.29 758.92 2109.01 949.83 1910.28 1012.41 2134.74 1030.74
00000025 00000024 1679.25 445.74 622.68 739.16 1941.37 728.62 2204.34 760.11 2097.87 948.60 1907.41 994.81 2136.68 1024.68
00000026 00000025 1692.74 452.37 623.16 737.82 1954.41 736.22 2216.84 771.80 2110.21 951.06 1923.53 1002.10 2149.35 1033.42
00000027 00000026 1704.75 463.63 623.74 745.20 1968.95 750.62 2235.96 776.15 2142.35 964.26 1949.11 1036.94 2170.22 1056.95
00000028 00000027 1711.90 467.85 623.63 748.69 1974.02 755.34 2239.20 780.19 2146.32 970.41 1950.86 1038.49 2173.03 1058.59
00000029 00000028 1714.23 466.92 619.92 743.85 1970.91 751.75 2232.63 784.80 2130.80 968.07 1941.27 1020.55 2166.13 1050.35
00000030 00000029 1715.72 474.62 620.72 742.99 1974.40 764.67 2242.01 796.06 2143.07 990.58 1941.31 1042.29 2167.93 1069.35
00000031 00000030 1724.62 490.64 629.00 751.17 1979.65 769.48 2251.66 795.71 2146.36 988.21 1960.97 1071.14 2180.35 1090.80
00000032 00000031 1714.17 496.06 628.49 755.68 1964.90 784.29 2231.41 801.22 2138.60 995.75 1951.39 1077.74 2166.98 1090.54
00000033 00000032 1694.04 491.31 622.98 749.89 1940.84 779.55 2203.47 806.16 2107.46 994.36 1916.35 1055.51 2134.98 1078.40
00000034 00000033 1680.38 483.59 619.68 745.44 1924.39 777.09 2187.93 808.69 2082.52 994.25 1895.65 1039.40 2123.03 1067.18
00000035 00000034 1663.11 486.71 619.40 742.34 1908.45 778.68 2177.29 806.12 2074.24 1004.11 1883.29 1057.15 2106.16 1081.68
00000036 00000035 1649.66 485.44 619.31 740.32 1906.42 776.94 2173.87 804.85 2077.88 1003.83 1877.13 1053.98 2100.72 1079.20
00000037 00000036 1645.29 483.90 615.81 737.83 1905.36 770.96 2165.57 808.95 2064.80 994.97 1867.42 1029.84 2099.98 1064.59
00000038 00000037 1644.93 481.81 612.84 733.50 1892.96 779.85 2154.84 810.84 2051.34 1001.53 1866.44 1036.28 2097.25 1064.03
00000039 00000038 1624.82 490.75 615.05 734.20 1870.67 787.16 2135.19 810.99 2036.68 1013.61 1845.70 1057.67 2071.60 1080.43
00000040 00000039 1608.30 498.71 617.71 732.76 1856.00 793.06 2120.64 818.03 2021.48 1021.75 1832.44 1062.56 2056.05 1086.01
00000041 00000040 1590.61 500.46 617.40 729.23 1849.00 790.06 2106.97 821.03 2009.70 1020.85 1810.32 1053.09 2033.60 1083.02
00000042 00000041 1582.04 505.78 617.85 728.86 1846.77 793.76 2103.56 829.58 2003.66 1025.06 1802.47 1054.72 2029.79 1088.99
00000043 00000042 1575.43 511.38 618.94 728.43 1842.06 797.50 2101.42 833.46 2003.10 1030.11 1797.81 1060.03 2029.21 1093.73
00000044 00000043 1575.19 514.95 619.02 728.22 1838.65 802.23 2100.76 835.20 1999.58 1035.12 1799.80 1061.95 2037.95 1093.62
00000045 00000044 1578.37 521.18 623.72 729.23 1839.69 813.06 2111.24 840.91 2003.19 1045.53 1803.40 1081.37 2040.50 1108.31
00000046 00000045 1580.11 525.79 626.22 733.34 1852.32 808.92 2112.86 846.74 2009.27 1045.67 1807.80 1086.82 2032.54 1122.03
00000047 00000046 1592.28 537.71 630.97 732.75 1863.32 824.66 2126.42 856.99 2019.34 1054.50 1826.94 1097.93 2048.88 1127.65
00000048 00000047 1607.30 531.01 628.96 734.95 1872.16 817.87 2137.06 838.73 2037.40 1042.91 1856.56 1095.72 2076.01 1115.49
00000049 00000048 1625.72 524.98 628.86 739.75 1889.52 818.93 2151.97 828.80 2055.62 1035.50 1874.08 1097.12 2093.63 1106.66
00000050 00000049 1672.27 574.87 618.61 748.91 1942.35 821.81 2197.57 852.35 2099.85 1017.16 1927.07 1147.44 2140.86 1172.48
00000051 00000050 1674.38 549.83 623.95 752.60 1924.62 799.42 2206.82 806.46 2115.96 1016.71 1920.59 1119.43 2147.06 1122.08
00000052 00000051 1702.80 579.22 616.96 760.91 1965.95 813.31 2219.56 845.71 2121.39 1017.44 1947.15 1144.53 2159.75 1171.61
00000053 00000052 1691.28 529.35 624.75 765.01 1922.14 799.09 2206.67 807.68 2100.10 1026.65 1915.36 1098.58 2152.03 1106.27
00000054 00000053 1690.25 522.37 628.91 773.72 1934.37 807.21 2214.34 824.80 2110.61 1024.27 1926.98 1121.10 2154.22 1135.38
00000055 00000054 1690.28 518.49 633.46 776.56 1931.67 813.66 2213.43 831.37 2101.73 1046.94 1919.64 1118.74 2153.40 1135.01
00000056 00000055 1699.70 535.27 643.40 780.44 1943.33 835.15 2228.92 847.17 2112.51 1053.23 1938.33 1149.48 2168.92 1158.87
00000057 00000056 1707.59 543.88 646.41 783.23 1952.33 836.02 2231.70 852.51 2119.66 1049.40 1945.29 1145.07 2173.42 1158.41
00000058 00000057 1704.47 514.99 649.51 782.18 1955.69 811.98 2229.93 822.71 2123.16 1039.75 1942.74 1109.99 2169.75 1119.19
00000059 00000058 1702.20 489.97 650.74 778.40 1949.45 796.64 2227.02 802.19 2117.73 1038.41 1943.09 1092.36 2178.45 1096.82
00000060 00000059 1716.40 553.92 635.02 777.69 2015.21 815.47 2245.11 862.57 2169.20 1023.23 1965.70 1141.51 2161.61 1180.53
00000061 00000060 1725.59 581.17 622.24 776.30 2017.03 817.53 2244.90 866.59 2168.54 1025.07 1965.49 1146.60 2157.41 1187.17
00000062 00000061 1732.11 593.27 615.57 776.42 2012.77 817.41 2248.78 867.71 2165.93 1026.57 1967.26 1153.88 2160.12 1195.64
00000063 00000062 1736.98 616.64 608.27 772.56 2022.76 835.48 2252.19 893.51 2170.86 1038.51 1963.19 1144.35 2167.89 1192.94
00000064 00000063 1736.44 622.07 608.06 772.53 2017.58 841.85 2247.28 883.28 2171.90 1044.59 1971.23 1157.47 2173.33 1192.30
00000065 00000064 1737.12 626.25 605.69 769.91 2021.57 844.09 2249.20 891.22 2174.68 1053.73 1966.17 1161.40 2164.68 1200.90
00000066 00000065 1736.19 631.06 602.27 766.12 2019.49 856.91 2245.00 895.72 2178.94 1055.81 1981.06 1173.91 2169.18 1207.45
00000067 00000066 1721.57 638.15 602.10 761.86 2019.71 857.71 2239.23 914.83 2177.88 1065.22 1950.43 1168.62 2138.00 1214.58
00000068 00000067 1730.37 637.63 600.85 765.08 2009.17 851.51 2246.97 892.71 2172.49 1059.49 1966.18 1185.21 2164.91 1219.60
00000069 00000068 1734.39 642.92 603.12 766.02 2023.87 852.10 2260.94 904.96 2188.30 1073.03 1968.99 1190.48 2165.18 1235.00
00000070 00000069 1736.31 651.14 603.34 771.02 2028.95 873.39 2252.23 920.06 2183.20 1076.37 1970.48 1190.28 2166.94 1229.32
00000071 00000070 1737.94 660.58 603.86 771.16 2032.58 872.43 2255.46 925.60 2184.72 1071.23 1969.66 1186.60 2166.42 1230.75
00000072 00000071 1730.36 583.56 601.95 767.78 1983.67 840.00 2234.73 851.68 2155.00 1048.82 1964.53 1109.45 2194.98 1118.16
00000073 00000072 1708.24 639.04 597.00 760.70 1963.53 899.57 2202.37 930.48 2139.94 1071.29 1950.78 1200.96 2152.99 1225.81
00000074 00000073 1668.47 661.46 595.90 774.07 1923.22 902.80 2153.35 940.31 2093.97 1075.05 1900.67 1206.78 2107.22 1236.23
00000075 00000074 1637.53 677.92 601.56 782.40 1919.00 890.00 2143.81 939.11 2073.90 1078.76 1852.93 1210.33 2059.36 1251.14
00000076 00000075 1620.87 682.04 604.57 789.91 1922.25 887.70 2142.48 937.80 2076.27 1079.68 1848.10 1208.86 2050.92 1251.26
00000077 00000076 1607.42 680.85 606.70 795.23 1912.80 894.93 2128.29 939.22 2068.97 1086.25 1845.09 1215.04 2043.90 1252.39
00000078 00000077 1627.97 608.53 600.05 778.42 1916.68 859.51 2157.29 869.94 2088.88 1062.48 1893.10 1126.42 2114.69 1134.96
00000079 00000078 1661.65 588.93 603.85 767.40 1935.86 868.70 2189.74 879.34 2102.87 1072.38 1914.19 1128.40 2155.64 1138.65
00000080 00000079 1668.04 576.80 605.78 756.53 1943.29 855.63 2184.04 875.88 2101.84 1081.90 1902.48 1118.00 2135.21 1137.53
00000081 00000080 1666.59 570.95 603.50 747.46 1959.42 846.65 2183.66 868.47 2125.71 1073.16 1919.15 1113.89 2126.33 1133.36
00000082 00000081 1653.79 579.60 606.55 740.38 1943.83 842.91 2167.39 876.60 2104.02 1073.03 1899.08 1121.72 2093.23 1150.74
00000083 00000082 1659.49 575.16 610.88 742.00 1955.19 850.18 2202.71 873.90 2129.26 1090.91 1911.02 1144.74 2119.73 1162.79
00000084 00000083 1661.30 567.69 610.83 742.44 1958.57 854.41 2201.52 878.10 2133.56 1091.86 1920.39 1146.86 2120.28 1164.32
00000085 00000084 1662.23 567.00 608.05 741.32 1960.32 854.15 2197.07 874.19 2136.20 1087.63 1926.08 1147.80 2119.15 1162.20
00000086 00000085 1663.72 562.73 610.61 737.57 1950.93 838.60 2188.96 851.88 2125.07 1067.45 1928.64 1124.54 2132.03 1136.33
00000087 00000086 1663.32 559.70 609.13 735.33 1955.19 833.47 2186.88 844.87 2128.82 1054.23 1930.57 1119.84 2125.86 1129.95
00000088 00000087 1640.55 637.12 613.47 757.44 1963.02 890.90 2149.78 936.42 2118.36 1093.38 1905.56 1236.62 2051.92 1269.96
00000089 00000088 1660.77 595.66 612.10 756.88 1967.64 849.79 2208.55 875.93 2137.58 1081.27 1930.55 1147.15 2130.37 1165.18
00000090 00000089 1683.18 579.49 614.28 751.14 1970.05 849.17 2225.43 861.08 2148.88 1067.40 1949.98 1126.55 2179.20 1136.72
00000091 00000090 1685.97 574.15 619.43 749.38 1976.32 851.83 2224.66 859.09 2163.53 1067.26 1959.09 1129.05 2183.47 1135.40
00000092 00000091 1679.41 653.00 611.82 753.61 1997.82 905.32 2211.47 963.52 2151.30 1131.40 1924.98 1227.20 2104.11 1273.00
00000093 00000092 1703.87 622.08 608.52 749.71 1987.37 879.67 2231.04 900.49 2151.01 1104.22 1956.47 1160.99 2171.12 1179.79
00000094 00000093 1705.82 609.65 607.85 746.76 2003.74 891.52 2236.43 920.34 2170.47 1122.90 1954.25 1168.09 2152.25 1191.30
00000095 00000094 1707.82 621.68 608.67 746.25 1998.93 899.86 2232.90 926.63 2163.27 1128.03 1955.51 1179.90 2162.72 1203.54
00000096 00000095 1686.37 644.69 610.79 740.14 1983.20 908.33 2216.49 955.76 2143.48 1144.50 1921.29 1193.33 2119.22 1230.08
00000097 00000096 1672.68 651.22 606.91 733.60 1975.47 917.18 2199.27 946.48 2143.60 1143.60 1928.14 1196.78 2115.92 1219.62
00000098 00000097 1664.77 651.45 607.81 735.97 1949.50 921.39 2188.44 943.72 2118.55 1133.52 1915.29 1190.56 2132.69 1208.71
00000099 00000098 1625.59 722.12 601.44 749.70 1944.27 987.72 2124.98 1038.00 2087.00 1201.38 1890.33 1318.07 2012.91 1356.88
00000100 00000099 1623.88 693.29 601.48 749.07 1930.81 940.17 2157.72 974.43 2097.91 1173.18 1882.65 1232.98 2074.69 1259.54
00000101 00000100 1596.47 759.94 600.78 768.39 1946.12 1016.02 2096.91 1059.96 2081.92 1212.62 1863.34 1349.94 1981.97 1382.55
00000102 00000101 1612.85 707.72 599.04 755.67 1931.95 934.03 2154.32 972.64 2096.54 1174.65 1881.05 1224.21 2074.38 1255.57
00000103 00000102 1610.00 756.82 599.82 770.29 1952.72 1004.72 2128.88 1056.80 2091.94 1214.12 1877.87 1339.91 2015.70 1378.15
00000104 00000103 1620.47 705.25 599.44 758.99 1931.43 937.73 2155.13 967.22 2098.97 1163.27 1891.00 1227.06 2085.66 1250.06
00000105 00000104 1610.93 746.17 602.27 760.11 1939.03 984.45 2138.58 1040.85 2086.52 1205.42 1867.82 1313.78 2015.08 1357.77
00000106 00000105 1603.67 758.28 608.13 761.97 1942.63 982.82 2136.37 1044.92 2078.05 1208.88 1856.05 1307.80 2000.29 1356.62
00000107 00000106 1590.54 767.99 605.11 772.89 1920.78 1002.63 2101.46 1056.89 2067.00 1202.43 1853.60 1327.92 1990.07 1369.03
00000108 00000107 1596.82 771.34 601.89 766.98 1914.74 1011.94 2127.09 1058.61 2085.92 1195.58 1886.35 1322.03 2044.97 1358.07
00000109 00000108 1626.58 729.49 595.10 764.96 1965.33 959.02 2178.70 984.86 2145.64 1158.78 1930.87 1254.60 2117.76 1269.84
00000110 00000109 1656.66 712.70 593.31 761.40 2012.92 950.90 2217.70 972.09 2198.79 1147.10 1978.01 1247.36 2149.06 1260.96
00000111 00000110 1714.83 742.61 575.00 748.59 2041.45 977.70 2238.30 1012.97 2206.87 1154.77 2022.03 1276.50 2176.24 1304.87
00000112 00000111 1752.88 723.38 570.59 747.26 2104.17 952.09 2268.73 963.82 2282.58 1126.00 2098.96 1241.97 2241.31 1250.60
00000113 00000112 1804.49 704.58 545.83 740.73 2154.42 962.40 2271.60 958.92 2308.90 1105.43 2156.11 1224.87 2253.84 1221.76
00000114 00000113 1858.33 712.19 517.17 734.11 2179.30 971.76 2298.85 974.22 2334.62 1136.23 2196.56 1257.76 2288.73 1259.28
00000115 00000114 1887.37 713.17 512.57 744.31 2203.00 964.97 2338.78 978.28 2354.83 1135.42 2201.56 1258.33 2302.56 1265.39
00000116 00000115 1896.93 716.80 516.94 755.62 2208.20 980.20 2348.31 982.69 2372.71 1146.44 2201.57 1285.41 2315.18 1284.66
00000117 00000116 1897.68 716.18 509.07 756.85 2211.26 981.21 2323.44 995.53 2356.61 1149.61 2212.24 1277.93 2296.95 1286.46
00000118 00000117 1879.48 741.56 514.08 761.46 2169.36 1009.42 2305.94 1023.20 2320.55 1177.20 2154.08 1314.74 2260.89 1323.51
00000119 00000118 1853.05 764.04 517.87 773.35 2161.26 1020.11 2277.78 1041.61 2307.79 1194.75 2130.19 1345.67 2209.15 1361.60
00000120 00000119 1833.59 780.10 526.69 783.93 2135.86 1021.64 2261.68 1050.98 2277.04 1196.17 2098.83 1357.35 2185.53 1378.30
00000121 00000120 1815.64 765.82 520.49 783.95 2107.22 1013.81 2234.16 1026.25 2258.91 1181.71 2113.68 1330.07 2203.18 1337.59
00000122 00000121 1807.54 753.49 517.74 786.40 2109.48 1013.51 2233.62 1014.92 2264.84 1175.10 2115.91 1330.75 2203.69 1329.00
00000123 00000122 1800.42 750.40 519.37 785.98 2110.70 1006.91 2247.69 1022.50 2269.14 1173.29 2104.75 1320.85 2208.38 1330.83
00000124 00000123 1800.15 784.04 506.48 794.64 2157.33 1020.40 2216.67 1058.99 2261.34 1221.32 2082.65 1384.68 2104.06 1412.09
00000125 00000124 1798.54 783.85 496.73 801.57 2131.79 1036.03 2222.34 1058.71 2259.96 1222.12 2087.18 1380.97 2138.51 1395.44
00000126 00000125 1781.20 790.93 493.75 793.67 2104.73 1047.84 2202.49 1069.41 2250.61 1220.98 2068.70 1360.38 2131.93 1375.91
00000127 00000126 1768.64 794.87 498.59 782.47 2059.19 1078.54 2179.62 1104.42 2188.25 1225.04 2020.73 1342.75 2115.78 1360.14
00000128 00000127 1753.58 782.93 496.36 772.10 2042.39 1036.23 2175.91 1069.45 2175.46 1228.17 2010.04 1338.49 2105.45 1362.78
00000129 00000128 1737.07 757.17 499.74 770.35 2024.20 1022.86 2164.46 1056.10 2156.97 1220.47 1987.82 1320.51 2090.22 1343.77
00000130 00000129 1714.80 748.33 500.02 763.53 2004.00 1016.35 2146.50 1028.97 2152.40 1187.91 1995.83 1317.36 2099.83 1323.22
00000131 00000130 1699.06 754.72 485.32 753.19 1985.31 1020.62 2110.05 1033.69 2128.14 1198.58 1980.38 1326.58 2064.45 1333.70
00000132 00000131 1665.97 773.86 490.79 763.14 1974.07 1021.09 2094.27 1049.88 2121.01 1205.61 1944.06 1344.72 2029.27 1364.88
00000133 00000132 1662.30 764.43 489.09 763.54 1981.33 1013.56 2100.04 1030.44 2135.60 1193.94 1972.07 1327.08 2052.30 1338.00
00000134 00000133 1673.56 751.21 491.23 760.92 1989.79 1025.12 2125.79 1039.68 2145.85 1208.66 1982.37 1325.04 2077.96 1333.55
00000135 00000134 1686.82 760.36 497.91 765.33 1996.45 1034.16 2147.83 1060.49 2149.70 1215.66 1981.56 1333.53 2092.41 1351.82
00000136 00000135 1708.16 775.31 498.03 770.34 2038.57 1039.10 2164.93 1054.19 2190.03 1227.86 2017.30 1357.64 2107.49 1366.40
00000137 00000136 1735.03 771.62 505.01 775.99 2051.30 1044.11 2199.70 1058.11 2209.51 1214.02 2037.67 1344.89 2149.86 1353.21
00000138 00000137 1752.53 774.48 505.06 774.19 2081.11 1049.62 2203.29 1058.47 2230.99 1237.16 2065.29 1356.84 2148.77 1360.82
00000139 00000138 1765.75 781.91 504.18 770.17 2077.77 1060.22 2205.15 1068.64 2231.64 1219.95 2068.59 1348.57 2164.62 1352.55
00000140 00000139 1776.59 777.35 508.70 775.55 2114.27 1044.99 2225.40 1061.17 2256.88 1225.69 2083.56 1349.31 2164.29 1359.52
00000141 00000140 1801.50 768.15 507.54 773.56 2117.46 1035.45 2259.99 1047.13 2276.17 1214.21 2115.04 1338.57 2219.85 1344.94
00000142 00000141 1804.04 763.42 514.11 774.89 2127.83 1045.39 2255.65 1040.33 2291.25 1217.92 2127.71 1352.31 2216.03 1344.97
00000143 00000142 1826.48 795.09 511.98 786.62 2178.02 1046.35 2257.76 1070.53 2287.15 1215.18 2101.08 1374.10 2160.00 1389.21
00000144 00000143 1833.54 794.98 510.71 783.25 2151.83 1055.34 2256.89 1078.50 2278.12 1227.27 2116.14 1354.51 2198.52 1370.07
00000145 00000144 1832.09 811.94 503.95 781.89 2173.55 1037.58 2245.85 1059.81 2299.92 1206.23 2127.37 1372.14 2164.86 1388.19
00000146 00000145 1841.24 768.71 507.84 786.23 2144.05 1041.54 2266.08 1049.21 2288.25 1193.93 2136.78 1319.55 2230.44 1321.65
00000147 00000146 1838.12 764.33 510.94 787.74 2152.29 1030.81 2267.34 1049.33 2296.76 1188.45 2129.34 1321.90 2224.42 1335.01
00000148 00000147 1828.94 752.67 517.21 792.43 2165.94 1012.59 2272.28 1043.26 2307.99 1179.11 2120.19 1312.21 2206.14 1334.36
00000149 00000148 1827.26 733.63 515.88 791.67 2156.32 984.68 2286.23 1011.90 2316.44 1166.10 2134.29 1302.52 2233.30 1322.04
00000150 00000149 1818.81 728.58 516.68 791.20 2140.53 977.34 2272.27 1004.37 2299.63 1163.99 2117.24 1310.14 2214.63 1328.69
00000151 00000150 1812.94 731.10 516.25 789.86 2133.40 979.41 2264.03 1004.79 2291.35 1155.57 2114.73 1307.25 2208.64 1325.46
00000152 00000151 1815.74 727.92 520.10 782.91 2152.96 980.86 2277.36 1013.82 2294.74 1172.36 2105.87 1293.51 2196.87 1317.04
00000153 00000152 1819.13 728.60 524.70 777.07 2148.30 975.62 2286.17 1010.56 2291.16 1171.04 2100.80 1294.06 2202.73 1319.35
00000154 00000153 1822.96 727.30 528.71 775.36 2148.87 970.07 2286.33 1011.69 2286.57 1168.64 2098.76 1289.95 2200.99 1321.30
00000155 00000154 1832.64 712.85 526.17 770.76 2142.99 950.40 2297.89 988.19 2296.07 1141.08 2119.93 1266.50 2232.72 1294.86
00000156 00000155 1834.95 699.99 531.69 783.77 2154.23 973.18 2297.76 986.82 2309.41 1152.38 2130.06 1286.11 2240.20 1294.40
00000157 00000156 1839.99 701.29 536.12 785.11 2152.80 970.15 2302.95 991.03 2304.46 1143.65 2131.92 1276.36 2245.96 1290.08
00000158 00000157 1849.92 701.02 537.87 781.85 2179.47 973.39 2316.79 989.96 2324.58 1163.30 2151.01 1282.95 2252.73 1292.83
1155 0 3315 2160
