00000001 00000000 2648.18 1105.20 247.67 351.47 2676.64 1237.73 2738.88 1240.46 2655.75 1309.29 2685.06 1369.26 2732.87 1372.61
00000002 00000001 2663.88 1101.24 251.57 356.69 2687.43 1232.07 2759.32 1237.25 2671.55 1306.21 2697.66 1369.42 2753.86 1373.20
00000003 00000002 2688.60 1083.43 260.69 366.19 2709.75 1222.20 2791.02 1224.14 2697.26 1292.38 2719.60 1360.54 2784.50 1362.12
00000004 00000003 2728.34 1076.43 261.15 366.88 2752.05 1214.35 2833.63 1219.11 2739.14 1286.75 2759.66 1352.62 2825.61 1356.92
00000005 00000004 2760.30 1073.76 262.16 366.59 2783.20 1211.24 2865.68 1217.04 2770.76 1284.49 2788.09 1348.51 2856.46 1353.87
00000006 00000005 2782.72 1071.60 260.98 366.02 2802.36 1210.69 2880.98 1215.23 2785.15 1282.49 2807.04 1348.93 2873.60 1352.63
00000007 00000006 2796.75 1069.88 261.01 366.85 2814.45 1209.33 2892.23 1213.95 2796.82 1281.73 2818.18 1347.36 2883.88 1351.57
00000008 00000007 2806.26 1067.31 260.65 366.97 2820.63 1206.17 2901.58 1211.41 2805.13 1278.69 2827.11 1343.47 2891.86 1348.58
00000009 00000008 2813.72 1065.86 261.61 367.43 2827.97 1201.21 2912.37 1208.85 2813.20 1275.57 2833.01 1343.10 2904.23 1348.61
00000010 00000009 2820.90 1062.36 263.50 367.60 2835.61 1198.22 2922.80 1202.63 2823.69 1268.63 2841.16 1339.31 2912.78 1342.65
00000011 00000010 2832.50 1058.01 263.84 367.91 2851.15 1194.31 2940.97 1201.18 2842.48 1264.97 2855.53 1333.86 2927.73 1339.94
00000012 00000011 2846.07 1054.18 265.72 368.78 2863.69 1193.84 2953.53 1198.88 2852.01 1263.12 2868.63 1332.81 2942.18 1336.77
00000013 00000012 2854.97 1049.33 266.72 369.45 2869.73 1190.15 2960.27 1194.77 2861.01 1260.11 2876.62 1328.03 2951.98 1331.78
00000014 00000013 2860.60 1045.52 267.37 370.47 2875.39 1184.32 2964.78 1193.22 2865.39 1261.48 2882.76 1324.86 2956.11 1332.15
00000015 00000014 2865.88 1045.65 266.91 370.44 2882.64 1186.59 2971.74 1195.81 2873.00 1262.67 2890.61 1325.64 2962.45 1333.54
00000016 00000015 2871.52 1052.30 267.23 369.99 2888.11 1194.61 2976.93 1201.55 2875.86 1270.41 2894.39 1337.69 2966.43 1342.94
00000017 00000016 2876.96 1063.38 266.26 367.99 2896.43 1201.04 2981.65 1210.62 2882.96 1279.20 2902.29 1344.67 2972.47 1351.89
00000018 00000017 2884.33 1070.20 265.29 368.33 2904.34 1212.77 2986.50 1217.77 2891.37 1288.14 2911.86 1353.74 2979.37 1357.89
00000019 00000018 2892.65 1079.04 263.95 366.78 2913.07 1219.85 2996.64 1227.84 2900.45 1293.47 2918.38 1357.98 2985.33 1364.79
00000020 00000019 2904.06 1088.01 263.68 365.93 2925.79 1227.92 3010.09 1234.83 2910.69 1301.78 2930.21 1369.14 2999.12 1374.50
00000021 00000020 2918.67 1095.83 262.28 364.01 2942.26 1230.94 3024.02 1240.03 2927.93 1308.15 2947.24 1372.73 3014.31 1380.01
00000022 00000021 2932.01 1101.22 260.99 361.88 2952.96 1238.58 3035.20 1245.74 2938.18 1311.92 2958.22 1376.42 3025.93 1381.81
00000023 00000022 2942.01 1104.47 260.86 359.09 2960.50 1240.25 3048.25 1247.49 2951.26 1310.58 2966.15 1376.16 3037.96 1381.78
00000024 00000023 2951.00 1103.72 261.28 359.20 2970.52 1236.97 3059.91 1244.89 2962.72 1310.46 2974.64 1373.85 3048.64 1381.30
00000025 00000024 2957.84 1105.43 262.07 359.46 2976.14 1241.59 3077.74 1247.87 2979.09 1312.93 2980.98 1378.81 3061.21 1385.47
00000026 00000025 2964.11 1104.69 262.76 360.94 2984.60 1247.22 3093.47 1252.75 2996.20 1315.08 2990.78 1382.81 3074.00 1388.82
00000027 00000026 2972.58 1107.20 263.69 362.37 2997.07 1249.11 3109.60 1256.01 3012.39 1319.00 2999.81 1384.80 3088.22 1391.99
00000028 00000027 2979.06 1110.78 264.11 362.62 3004.91 1252.31 3119.96 1257.98 3024.65 1322.40 3009.95 1389.03 3097.11 1395.43
00000029 00000028 2981.79 1111.61 264.92 363.31 3010.00 1254.07 3125.39 1259.56 3033.35 1324.80 3016.50 1389.98 3103.50 1396.04
00000030 00000029 2984.40 1112.60 265.13 363.47 3014.22 1257.02 3130.27 1263.20 3039.01 1327.10 3020.66 1391.68 3108.13 1398.17
00000031 00000030 2983.95 1114.93 265.50 363.68 3014.51 1262.69 3130.23 1267.43 3041.63 1331.96 3022.03 1397.20 3108.97 1402.26
00000032 00000031 2973.25 1124.29 265.81 364.05 3000.68 1273.04 3118.05 1279.16 3028.00 1343.10 3006.60 1409.16 3095.37 1414.86
00000033 00000032 2956.18 1129.03 266.45 362.96 2982.69 1272.37 3100.72 1278.13 3013.46 1345.58 2991.29 1410.29 3080.42 1415.63
00000034 00000033 2940.60 1130.10 266.64 362.72 2969.43 1275.32 3086.89 1279.48 2999.61 1343.86 2977.73 1410.16 3066.46 1414.18
00000035 00000034 2931.91 1129.41 266.23 362.02 2964.36 1274.02 3081.60 1278.35 2993.80 1343.61 2972.41 1408.79 3060.63 1412.99
00000036 00000035 2930.68 1127.09 265.23 360.92 2966.29 1271.30 3081.35 1274.19 2995.20 1338.87 2974.97 1403.30 3062.40 1406.37
00000037 00000036 2930.06 1125.80 264.35 360.22 2965.98 1269.64 3080.95 1272.54 2995.20 1337.56 2974.37 1401.47 3062.20 1404.62
00000038 00000037 2924.72 1128.14 262.85 359.31 2959.79 1270.78 3074.46 1275.55 2988.64 1342.05 2967.12 1404.91 3054.89 1409.68
00000039 00000038 2916.88 1129.84 261.60 356.57 2948.72 1269.49 3061.89 1272.45 2977.44 1339.85 2957.96 1403.50 3044.58 1406.75
00000040 00000039 2907.81 1128.37 260.76 356.18 2938.08 1271.66 3050.08 1273.78 2964.57 1337.17 2946.00 1402.36 3031.76 1404.85
00000041 00000040 2900.86 1125.76 260.33 356.09 2932.35 1269.30 3044.56 1271.23 2959.71 1334.50 2940.61 1398.70 3026.86 1401.11
00000042 00000041 2898.00 1121.96 259.05 355.39 2929.09 1265.73 3040.03 1266.21 2955.32 1330.90 2938.83 1394.10 3024.44 1395.49
00000043 00000042 2896.12 1120.46 258.82 355.05 2925.01 1268.27 3036.18 1267.38 2950.73 1330.72 2936.26 1394.97 3022.65 1395.18
00000044 00000043 2893.49 1121.47 259.25 353.74 2921.10 1271.28 3028.27 1270.30 2944.12 1330.92 2933.38 1395.69 3017.23 1395.61
00000045 00000044 2890.40 1124.11 259.37 351.33 2914.95 1271.96 3019.60 1271.10 2935.25 1333.40 2928.59 1396.56 3009.96 1396.48
00000046 00000045 2887.12 1128.24 258.89 348.79 2908.96 1273.15 3009.60 1271.50 2924.37 1334.52 2921.56 1398.20 3001.20 1397.56
00000047 00000046 2882.48 1133.77 257.25 344.86 2900.75 1270.19 2997.70 1267.92 2909.62 1332.94 2913.78 1398.91 2992.23 1397.40
00000048 00000047 2877.05 1134.74 255.81 341.55 2895.61 1263.46 2986.17 1264.38 2896.64 1328.65 2905.96 1392.28 2981.18 1393.26
00000049 00000048 2869.86 1130.03 254.48 340.87 2888.74 1257.99 2974.27 1259.60 2884.76 1323.16 2897.75 1387.50 2966.25 1389.54
00000050 00000049 2864.67 1129.68 253.35 340.15 2885.73 1256.22 2964.97 1258.03 2877.39 1322.90 2894.73 1385.81 2957.69 1387.77
00000051 00000050 2866.07 1129.25 247.74 334.28 2905.08 1248.96 2961.56 1256.00 2888.47 1315.83 2914.75 1371.32 2954.37 1377.45
00000052 00000051 2855.91 1132.69 244.46 329.97 2892.18 1256.68 2962.15 1261.70 2897.35 1311.39 2901.74 1379.61 2950.51 1384.01
2347 821 3242 1716
