00000045 00000000 2160.97 1225.54 333.60 427.22 2254.88 1407.92 2421.94 1414.37 2342.14 1478.01 2276.68 1574.26 2385.86 1577.64
00000046 00000001 2191.30 1228.75 342.65 439.80 2303.12 1405.93 2466.59 1418.51 2390.78 1481.95 2314.77 1576.15 2432.38 1585.85
00000047 00000002 2228.85 1223.46 354.80 452.69 2333.94 1404.70 2511.23 1419.25 2422.59 1499.37 2349.35 1585.01 2471.82 1595.65
00000048 00000003 2250.65 1223.27 382.95 495.56 2389.52 1403.05 2568.04 1428.38 2481.08 1541.48 2381.61 1619.47 2508.04 1639.48
00000049 00000004 2321.39 1225.37 380.64 503.05 2440.84 1421.39 2629.53 1411.75 2552.90 1538.96 2483.19 1614.49 2627.21 1603.45
00000050 00000005 2389.85 1222.41 378.08 515.91 2512.05 1410.86 2687.94 1404.41 2614.12 1513.07 2544.04 1611.32 2672.50 1603.96
00000051 00000006 2457.69 1209.01 383.28 528.99 2585.80 1411.53 2761.64 1404.15 2690.97 1517.53 2614.96 1605.75 2754.48 1598.92
00000052 00000007 2525.81 1197.57 383.57 539.20 2655.15 1402.87 2830.35 1397.44 2760.30 1511.16 2679.94 1599.70 2822.86 1593.95
00000053 00000008 2595.33 1194.27 378.99 540.23 2714.82 1390.20 2892.80 1389.63 2812.01 1509.60 2733.42 1595.45 2872.60 1592.38
00000054 00000009 2658.88 1195.09 375.56 540.54 2772.92 1392.91 2952.16 1395.33 2869.55 1514.46 2788.72 1598.67 2928.10 1597.98
00000055 00000010 2717.43 1198.17 372.19 542.00 2829.84 1395.69 3006.95 1398.97 2926.47 1518.98 2841.35 1600.67 2981.29 1600.88
00000056 00000011 2771.40 1204.94 370.97 542.09 2870.78 1401.66 3054.38 1404.84 2964.68 1522.32 2884.25 1610.41 3027.96 1610.66
00000057 00000012 2818.13 1208.86 368.65 542.80 2920.95 1408.88 3096.54 1415.72 3011.80 1526.19 2926.81 1609.98 3066.63 1614.28
00000058 00000013 2860.23 1212.42 369.01 543.63 2958.55 1412.09 3134.16 1417.62 3046.43 1529.93 2964.74 1613.11 3105.52 1616.47
00000059 00000014 2899.62 1210.59 368.95 542.35 2990.62 1414.02 3167.02 1419.57 3074.77 1534.11 2999.08 1614.80 3138.55 1617.31
00000060 00000015 2934.25 1211.09 370.64 543.96 3022.36 1416.75 3198.89 1422.78 3104.13 1536.37 3029.66 1617.65 3171.18 1620.83
00000061 00000016 2965.14 1213.57 374.36 546.99 3051.00 1418.96 3229.19 1425.76 3131.15 1539.13 3059.08 1622.48 3199.96 1626.39
00000062 00000017 2993.99 1217.90 378.56 539.75 3075.55 1424.00 3257.43 1427.96 3156.93 1537.97 3096.09 1629.19 3220.24 1630.87
00000063 00000018 3016.54 1217.59 384.12 530.16 3088.70 1424.65 3281.90 1439.14 3172.15 1559.08 3117.11 1624.66 3249.61 1636.10
00000064 00000019 3034.72 1224.29 385.23 536.80 3116.73 1424.99 3298.21 1428.75 3197.83 1548.18 3133.21 1638.66 3266.24 1640.24
00000065 00000020 3047.83 1230.20 383.16 540.08 3130.01 1426.04 3311.33 1435.10 3211.66 1549.18 3137.04 1633.54 3276.35 1639.64
00000066 00000021 3052.18 1231.62 381.71 542.42 3129.93 1427.75 3310.53 1438.91 3209.65 1552.17 3134.03 1631.12 3275.66 1639.31
00000067 00000022 3050.36 1231.44 379.67 542.18 3127.00 1426.69 3306.50 1439.14 3205.32 1547.97 3128.31 1625.94 3270.44 1635.45
00000068 00000023 3048.65 1229.45 378.32 540.39 3124.82 1421.38 3304.92 1434.22 3201.95 1542.49 3125.74 1619.73 3270.26 1629.47
00000069 00000024 3046.76 1221.72 379.78 541.40 3121.47 1417.02 3303.01 1430.00 3196.49 1542.07 3121.69 1618.59 3269.28 1628.18
00000070 00000025 3039.03 1216.04 381.64 542.46 3114.78 1419.72 3292.23 1434.94 3185.35 1541.79 3111.55 1613.11 3257.23 1625.31
00000071 00000026 3020.85 1219.32 376.74 541.92 3102.85 1421.35 3271.83 1437.39 3175.26 1539.19 3094.80 1610.19 3236.96 1623.89
00000072 00000027 2997.79 1217.38 379.61 541.35 3074.93 1424.79 3246.13 1439.86 3147.40 1536.00 3075.69 1606.33 3222.73 1620.57
00000073 00000028 2946.34 1216.31 379.98 543.75 3011.19 1417.38 3186.86 1432.78 3088.00 1540.37 3007.05 1609.52 3151.96 1622.16
00000074 00000029 2891.54 1210.47 384.12 548.32 2953.13 1410.76 3134.17 1426.49 3028.14 1540.51 2954.61 1611.40 3098.16 1624.23
00000075 00000030 2852.79 1208.03 386.06 549.96 2923.16 1406.22 3106.13 1420.29 2998.41 1536.89 2927.97 1612.97 3068.94 1623.96
00000076 00000031 2824.59 1201.42 389.16 553.19 2904.66 1401.69 3089.95 1418.95 2982.34 1538.74 2911.40 1609.42 3056.33 1625.02
00000077 00000032 2801.34 1198.38 390.37 555.84 2885.99 1401.46 3071.30 1421.19 2962.07 1539.23 2890.43 1610.92 3035.01 1628.39
00000078 00000033 2787.74 1202.54 394.11 561.65 2878.38 1409.98 3065.32 1426.32 2955.97 1546.29 2884.04 1622.29 3031.51 1636.93
00000079 00000034 2782.31 1206.70 397.70 565.64 2880.26 1412.08 3067.04 1429.69 2956.93 1546.28 2883.94 1625.83 3029.60 1641.33
00000080 00000035 2773.56 1205.62 400.42 567.62 2869.01 1410.43 3053.47 1428.73 2942.60 1544.78 2874.18 1624.67 3013.74 1640.53
00000081 00000036 2755.38 1202.71 401.05 573.11 2847.75 1409.02 3035.02 1428.19 2919.36 1541.45 2848.00 1626.59 2989.37 1643.39
00000082 00000037 2738.72 1206.99 401.58 572.42 2834.52 1415.68 3017.07 1431.82 2903.38 1550.14 2835.47 1632.31 2970.02 1646.98
00000083 00000038 2720.05 1215.76 400.62 570.37 2811.16 1419.83 2995.73 1436.00 2880.14 1554.05 2812.50 1637.35 2950.14 1652.27
00000084 00000039 2697.35 1219.24 400.80 570.05 2785.63 1422.77 2970.34 1440.70 2854.73 1559.75 2788.30 1639.13 2928.56 1655.53
00000085 00000040 2677.76 1223.42 400.09 569.35 2771.06 1428.41 2949.78 1446.34 2835.90 1563.04 2770.47 1642.42 2905.86 1658.83
00000086 00000041 2658.95 1226.32 399.23 568.76 2749.29 1428.18 2931.53 1447.01 2815.45 1565.63 2750.56 1644.84 2888.51 1662.05
00000087 00000042 2638.80 1227.97 396.99 566.47 2732.70 1438.57 2911.20 1458.06 2795.87 1562.87 2731.66 1648.12 2860.64 1665.92
00000088 00000043 2623.30 1228.28 396.34 565.79 2711.81 1443.24 2893.52 1461.95 2783.08 1570.18 2722.28 1651.45 2858.92 1668.22
00000089 00000044 2611.24 1232.97 394.29 563.75 2705.08 1439.29 2885.35 1454.69 2774.15 1571.46 2710.12 1650.96 2841.06 1663.75
00000090 00000045 2604.97 1232.49 394.79 562.92 2697.30 1438.41 2881.28 1458.65 2765.64 1575.66 2705.11 1650.77 2841.70 1668.86
00000091 00000046 2601.38 1234.18 395.62 560.88 2695.11 1438.58 2879.27 1459.44 2763.53 1577.95 2702.35 1650.40 2839.06 1668.99
00000092 00000047 2601.27 1236.79 396.47 560.38 2697.09 1440.37 2879.99 1461.92 2763.42 1577.53 2701.55 1651.25 2838.35 1670.56
00000093 00000048 2603.19 1234.52 397.73 561.58 2698.98 1439.49 2882.30 1461.73 2763.77 1575.15 2703.03 1650.47 2839.17 1670.49
00000094 00000049 2604.68 1236.84 399.64 561.68 2699.60 1441.57 2883.06 1463.85 2763.83 1575.23 2703.97 1651.91 2840.18 1672.14
00000095 00000050 2610.69 1243.88 399.79 558.83 2708.41 1446.70 2886.71 1464.08 2764.74 1576.21 2707.22 1656.51 2841.22 1672.45
00000096 00000051 2613.49 1250.21 400.19 558.28 2703.53 1447.81 2881.72 1465.14 2757.66 1577.96 2703.64 1659.27 2840.24 1675.57
00000097 00000052 2611.68 1256.27 401.60 557.00 2696.50 1449.68 2877.55 1466.50 2751.72 1581.79 2698.00 1662.12 2837.40 1678.24
00000098 00000053 2610.35 1261.11 401.93 554.57 2696.51 1449.41 2876.62 1468.07 2750.83 1581.97 2695.19 1660.83 2835.07 1678.61
00000099 00000054 2613.10 1251.06 403.76 556.98 2704.70 1445.13 2887.14 1468.58 2764.11 1578.30 2704.18 1654.34 2843.68 1676.21
00000100 00000055 2625.45 1246.32 405.89 561.40 2722.90 1441.50 2906.95 1466.91 2781.02 1580.02 2721.83 1658.41 2860.24 1681.53
00000101 00000056 2646.74 1243.14 407.73 565.56 2745.62 1445.65 2930.08 1468.90 2802.18 1577.85 2747.48 1665.04 2878.83 1686.69
00000102 00000057 2675.73 1256.86 406.39 562.21 2779.31 1453.02 2957.44 1472.48 2829.38 1582.09 2778.81 1674.79 2904.44 1692.64
00000103 00000058 2696.93 1253.35 407.58 566.99 2794.38 1450.43 2978.38 1475.45 2848.55 1585.16 2798.52 1681.62 2917.08 1704.17
00000104 00000059 2722.73 1258.11 407.27 573.48 2814.96 1467.17 2986.29 1479.93 2858.29 1580.28 2820.79 1691.73 2937.34 1704.04
00000105 00000060 2736.35 1265.53 406.82 574.07 2819.99 1463.24 3003.33 1477.71 2868.16 1585.63 2823.54 1697.42 2945.36 1711.42
00000106 00000061 2748.90 1269.91 408.19 579.27 2836.68 1471.64 3009.45 1488.82 2880.22 1591.61 2833.90 1699.00 2956.91 1715.30
00000107 00000062 2759.63 1268.41 409.64 585.86 2846.19 1469.77 3026.25 1488.70 2896.10 1590.18 2852.67 1702.91 2972.20 1720.94
00000108 00000063 2780.63 1264.64 412.62 590.63 2869.56 1472.50 3053.50 1491.82 2921.55 1595.90 2878.88 1702.00 3004.91 1720.39
00000109 00000064 2817.43 1266.75 414.07 589.43 2909.87 1476.48 3093.19 1491.53 2960.17 1599.44 2920.09 1698.78 3051.09 1713.40
00000110 00000065 2863.07 1275.57 413.75 583.70 2958.31 1482.69 3138.73 1498.52 3004.51 1606.79 2962.62 1698.46 3098.81 1714.14
00000111 00000066 2913.61 1280.34 414.88 580.04 3005.84 1485.50 3187.49 1499.46 3055.33 1610.55 3013.32 1694.30 3159.05 1708.90
00000112 00000067 2964.61 1283.38 416.75 574.70 3063.11 1484.22 3245.68 1502.07 3112.85 1614.09 3063.36 1691.34 3210.79 1708.62
00000113 00000068 3015.60 1285.67 417.89 572.64 3107.77 1484.89 3291.28 1504.44 3155.93 1614.65 3107.89 1690.75 3258.41 1710.02
00000114 00000069 3059.76 1288.02 418.10 570.06 3148.02 1485.31 3329.22 1506.52 3192.64 1615.03 3144.91 1691.19 3292.90 1711.67
00000115 00000070 3093.43 1290.66 418.45 569.50 3174.83 1485.40 3356.61 1509.32 3218.54 1615.39 3169.84 1692.38 3318.73 1715.32
00000116 00000071 3112.15 1292.69 418.17 566.51 3190.99 1481.43 3377.69 1507.24 3237.78 1616.05 3184.30 1695.41 3333.56 1720.05
00000117 00000072 3116.90 1296.57 417.54 563.58 3188.55 1484.93 3374.01 1513.21 3232.81 1619.07 3178.58 1695.66 3328.39 1722.72
00000118 00000073 3117.29 1298.73 417.78 564.55 3184.09 1487.17 3370.21 1516.86 3225.14 1621.08 3172.51 1697.47 3326.21 1726.03
00000119 00000074 3110.38 1290.53 421.11 569.58 3179.58 1489.95 3363.05 1533.00 3220.16 1629.08 3167.11 1692.45 3316.22 1731.62
00000120 00000075 3106.33 1297.05 418.04 568.29 3179.07 1492.42 3360.18 1525.28 3220.45 1630.07 3165.83 1701.97 3311.75 1732.07
00000121 00000076 3104.65 1303.10 415.78 566.98 3180.01 1494.01 3360.84 1528.21 3221.54 1632.66 3166.60 1704.75 3311.66 1736.06
00000122 00000077 3107.76 1309.36 415.43 566.75 3179.24 1500.63 3361.43 1531.41 3217.13 1635.41 3167.61 1709.37 3316.85 1738.68
00000123 00000078 3108.56 1315.29 414.68 566.04 3179.02 1504.07 3361.65 1534.98 3217.60 1639.14 3166.42 1712.18 3318.18 1741.44
00000124 00000079 3107.60 1322.05 413.72 565.47 3175.54 1506.97 3358.90 1537.34 3216.34 1641.73 3165.45 1715.71 3319.48 1744.26
00000125 00000080 3105.13 1326.21 413.10 564.33 3171.09 1510.25 3354.74 1541.21 3212.06 1644.82 3161.09 1717.19 3316.43 1746.11
00000126 00000081 3097.16 1330.20 412.92 563.71 3161.25 1514.29 3345.72 1543.12 3206.73 1651.17 3153.29 1720.40 3310.93 1747.80
00000127 00000082 3080.04 1326.42 411.81 562.66 3144.39 1512.59 3327.27 1543.99 3183.91 1646.06 3132.70 1721.24 3281.54 1751.20
00000128 00000083 3059.52 1330.40 411.21 560.41 3126.21 1515.64 3307.80 1546.00 3169.56 1653.40 3114.80 1722.28 3265.02 1750.38
00000129 00000084 3035.11 1329.39 409.65 559.19 3102.29 1514.07 3284.64 1544.43 3145.70 1650.53 3092.10 1727.92 3236.23 1755.75
00000130 00000085 3012.90 1330.78 407.97 557.28 3081.44 1515.56 3262.76 1546.84 3123.72 1653.60 3072.53 1731.29 3209.36 1758.95
00000131 00000086 2995.70 1333.49 407.32 558.67 3067.31 1519.51 3248.30 1549.09 3109.30 1655.29 3060.39 1739.67 3196.77 1766.67
00000132 00000087 2988.28 1335.53 407.30 560.06 3065.10 1519.94 3246.00 1548.26 3106.39 1654.82 3058.95 1741.49 3194.98 1767.72
00000133 00000088 2986.96 1334.79 406.53 559.88 3066.87 1518.81 3248.90 1547.04 3109.98 1654.67 3062.40 1741.03 3197.26 1766.90
00000134 00000089 2993.13 1322.51 410.39 567.10 3070.37 1523.96 3253.92 1553.85 3115.15 1659.13 3069.17 1736.77 3211.77 1763.70
00000135 00000090 2997.26 1330.68 408.85 564.78 3083.10 1528.83 3261.85 1556.08 3127.96 1663.68 3077.14 1739.22 3217.78 1763.92
00000136 00000091 3015.68 1334.52 407.80 564.81 3109.11 1535.73 3288.78 1562.91 3155.62 1667.81 3100.42 1740.59 3248.88 1765.85
00000137 00000092 3034.35 1338.76 407.89 564.39 3121.84 1540.58 3301.45 1567.08 3165.85 1667.13 3114.20 1739.17 3267.89 1764.53
00000138 00000093 3044.71 1340.34 407.97 563.42 3132.90 1538.42 3314.99 1567.54 3180.52 1670.63 3121.24 1740.64 3274.07 1767.77
00000139 00000094 3055.28 1343.75 409.74 562.69 3141.36 1541.40 3324.99 1570.92 3189.18 1673.21 3131.10 1742.34 3285.33 1769.71
00000140 00000095 3064.37 1344.95 411.07 563.42 3156.81 1541.63 3342.48 1571.30 3208.95 1674.67 3143.51 1746.64 3298.44 1774.04
00000141 00000096 3072.11 1339.88 412.25 565.90 3161.66 1540.95 3353.11 1573.96 3216.60 1672.57 3149.19 1748.58 3303.47 1778.57
00000142 00000097 3078.42 1341.68 412.01 565.14 3171.48 1544.07 3362.97 1576.17 3229.22 1675.29 3159.53 1751.93 3311.66 1781.22
00000143 00000098 3083.68 1345.00 412.03 564.24 3180.56 1551.77 3367.31 1578.36 3242.58 1684.69 3172.10 1756.73 3316.04 1778.74
00000144 00000099 3090.42 1347.86 411.43 562.47 3188.11 1552.77 3374.80 1580.73 3250.03 1685.98 3177.29 1756.97 3322.38 1780.25
00000145 00000100 3094.43 1346.31 412.16 562.13 3189.11 1550.00 3377.02 1577.46 3251.20 1681.42 3179.28 1753.99 3325.87 1776.74
00000146 00000101 3095.79 1344.49 413.08 562.31 3189.25 1547.18 3378.60 1575.37 3252.59 1679.60 3179.00 1752.08 3327.68 1775.39
00000147 00000102 3094.60 1344.37 414.54 562.04 3193.82 1539.53 3381.23 1571.59 3256.04 1675.60 3180.22 1745.49 3327.69 1773.26
00000148 00000103 3088.55 1341.35 415.75 563.16 3187.79 1537.35 3375.47 1571.30 3250.04 1676.59 3172.63 1744.68 3318.63 1773.97
00000149 00000104 3083.06 1338.16 413.83 562.10 3180.67 1538.89 3368.37 1575.31 3238.20 1671.44 3161.19 1743.40 3311.72 1775.66
00000150 00000105 3077.00 1334.90 413.02 562.57 3173.14 1538.69 3361.60 1576.92 3230.27 1672.36 3154.44 1742.75 3304.00 1777.15
00000151 00000106 3073.88 1336.96 412.56 562.16 3166.07 1543.98 3353.12 1575.81 3224.39 1678.56 3150.71 1746.98 3297.40 1773.79
00000152 00000107 3067.36 1340.31 412.33 562.16 3161.53 1548.76 3346.42 1580.93 3219.01 1678.12 3144.97 1750.94 3288.81 1778.12
00000153 00000108 3057.91 1344.37 411.02 561.06 3152.98 1550.09 3338.33 1579.14 3214.16 1681.10 3140.08 1755.83 3280.34 1780.18
00000154 00000109 3050.12 1343.41 410.31 559.50 3148.12 1543.74 3334.18 1581.42 3203.43 1675.12 3129.69 1751.58 3270.21 1785.30
00000155 00000110 3047.84 1342.30 409.27 561.19 3147.67 1551.63 3334.35 1588.01 3210.63 1690.41 3135.46 1756.09 3278.39 1788.25
00000156 00000111 3049.99 1349.30 407.88 558.50 3155.99 1552.78 3338.05 1587.36 3212.10 1682.91 3137.78 1758.61 3275.55 1789.78
00000157 00000112 3053.21 1347.84 407.41 562.30 3153.36 1555.91 3340.89 1590.37 3216.66 1691.23 3143.07 1762.50 3286.95 1792.58
00000158 00000113 3059.04 1352.67 405.22 559.69 3161.10 1552.58 3346.71 1585.15 3218.49 1685.27 3144.82 1761.47 3287.91 1791.15
00000159 00000114 3063.43 1353.26 402.40 557.99 3163.35 1550.59 3350.70 1581.83 3224.03 1685.33 3149.46 1759.99 3295.73 1788.40
1473 835 2909 2271
