1080,1920
0,-1,898.32983,228.66885,1365.8729,884.4153,0.9999671,-1,-1,-1,1017.3829,484.40518,1228.3945,490.85754,1107.067,599.65466,1027.2297,715.2495,1192.9906,721.9091
1,-1,896.5213,231.30809,1357.3552,884.9225,0.9999672,-1,-1,-1,1015.9022,485.9924,1225.3701,491.02905,1107.9962,602.52527,1026.8845,717.05316,1191.1345,722.3417
2,-1,893.3574,230.72061,1359.319,885.97675,0.9999703,-1,-1,-1,1014.57495,487.4268,1225.025,492.48578,1107.7144,605.24194,1025.8196,717.82623,1191.7568,723.11584
3,-1,892.04535,235.32976,1356.4407,887.28094,0.99997103,-1,-1,-1,1012.1798,489.69354,1222.317,495.25702,1104.0814,607.70593,1022.5912,719.8054,1187.4229,725.7993
4,-1,890.5156,241.25027,1347.8098,889.35376,0.9999659,-1,-1,-1,1005.5746,498.1532,1212.8666,501.24207,1096.1025,604.5538,1017.1536,720.18176,1182.624,723.2531
5,-1,891.2313,241.4673,1338.4484,885.91254,0.99996805,-1,-1,-1,996.85297,500.09277,1210.3032,506.69412,1085.9353,611.1619,1010.0482,729.043,1178.2067,734.6816
6,-1,887.0704,242.0082,1335.4218,888.15,0.99996996,-1,-1,-1,991.2776,502.2533,1206.0994,509.3016,1077.9209,617.7572,1001.6152,731.80505,1170.0585,738.1816
7,-1,878.83984,249.284,1321.2252,891.44073,0.9999527,-1,-1,-1,969.9574,508.74817,1181.1425,513.174,1048.2125,629.5316,986.17755,740.6574,1147.0186,744.8975
8,-1,874.4879,248.35538,1318.9307,891.05334,0.99996185,-1,-1,-1,961.9424,512.966,1167.6412,515.13855,1031.9199,631.6889,979.08453,740.0891,1134.9965,742.966
9,-1,869.4093,250.76135,1307.8218,895.0298,0.99994814,-1,-1,-1,945.6699,516.28485,1146.6663,517.8363,1005.215,633.35736,962.57196,740.76636,1117.156,743.2488
10,-1,869.1419,250.78569,1307.9158,894.93195,0.9999486,-1,-1,-1,945.5245,516.2445,1146.8049,517.71234,1005.3547,633.3837,962.50146,740.76544,1117.3042,743.21655
11,-1,866.9773,247.09412,1314.5175,894.31604,0.9999523,-1,-1,-1,936.3696,513.8791,1139.3138,512.8932,992.0231,629.79364,957.9412,741.0714,1113.0232,741.4952
12,-1,863.17804,243.39058,1309.6128,892.7656,0.99995446,-1,-1,-1,928.2891,507.8162,1123.2559,509.92865,975.0564,626.9126,950.582,736.56805,1097.6167,739.36804
13,-1,857.2247,241.9042,1295.3914,881.20435,0.99996996,-1,-1,-1,914.2874,498.78952,1094.4001,499.8463,945.65155,612.1036,937.16754,724.17896,1074.2406,726.75476
14,-1,855.6433,246.97853,1290.5416,884.82825,0.99996984,-1,-1,-1,908.6489,500.38092,1087.6127,506.34665,938.8136,618.1278,930.5391,722.3156,1070.6115,729.92755
15,-1,856.0192,247.0523,1289.7828,884.50574,0.9999691,-1,-1,-1,908.86096,500.3733,1087.3492,506.44995,938.88477,618.0528,930.79694,722.18604,1070.2073,729.8403
16,-1,854.3328,245.62457,1287.1202,881.6171,0.9999633,-1,-1,-1,902.73645,504.2334,1078.1245,504.67377,927.7213,622.4403,928.3993,723.7692,1066.2102,725.8719
17,-1,851.632,258.96222,1294.2423,891.9712,0.99996436,-1,-1,-1,897.1534,505.5429,1069.3164,503.95645,923.503,630.72705,931.7289,733.88794,1067.8763,735.33527
18,-1,855.2021,256.82608,1302.8645,893.16943,0.9999701,-1,-1,-1,903.57306,509.44666,1073.7211,506.64,925.2685,630.0395,933.85956,731.5263,1069.9622,730.8791
19,-1,856.4527,252.80606,1305.554,887.5143,0.99997044,-1,-1,-1,907.69226,501.96863,1073.523,502.588,924.6135,624.5422,936.80206,728.4049,1064.5978,730.8238
20,-1,864.4574,229.2063,1307.8716,869.5579,0.99996674,-1,-1,-1,909.7044,483.0165,1066.1799,477.00287,913.7883,597.02704,940.0032,720.9123,1047.0413,717.4267
21,-1,867.76196,232.05577,1309.1884,862.0285,0.99996364,-1,-1,-1,911.8362,480.48474,1065.032,472.18353,911.29236,593.66223,941.394,718.38855,1048.5587,712.69476
22,-1,871.11206,236.53755,1311.6742,865.2845,0.9999553,-1,-1,-1,911.48895,483.84308,1063.8431,471.786,910.6901,599.12164,945.52686,723.3694,1053.4668,714.2553
23,-1,865.3648,243.66963,1310.6777,877.6549,0.99996114,-1,-1,-1,913.14374,501.43716,1062.3312,484.59943,914.7237,612.6088,952.3877,733.2457,1059.5239,719.19104
24,-1,870.3143,258.11,1313.5494,878.4972,0.99996245,-1,-1,-1,913.9509,510.43353,1070.4331,494.21848,927.41925,624.2695,957.4227,733.1669,1078.0967,720.5419
25,-1,869.20886,273.42953,1312.6451,896.07996,0.99996626,-1,-1,-1,913.25433,532.9296,1071.3606,510.05148,937.02234,648.17474,966.8828,753.47516,1090.0044,735.44336
26,-1,871.6245,278.743,1326.2305,908.5243,0.9999614,-1,-1,-1,921.12396,554.05225,1078.4788,523.72986,948.3303,660.14716,975.75085,767.26587,1103.6451,742.5693
27,-1,868.88385,297.61264,1322.5306,923.5055,0.9999603,-1,-1,-1,919.8697,560.5621,1081.3787,538.88464,949.8138,685.0827,980.415,786.0996,1102.6833,768.6454
28,-1,869.39844,307.81284,1327.0579,932.4498,0.9999542,-1,-1,-1,921.50024,571.1858,1087.4237,551.5114,952.045,699.3217,979.823,798.9448,1103.159,782.7698
29,-1,877.65985,320.20895,1325.7891,925.5205,0.9999331,-1,-1,-1,925.11053,569.5314,1090.9602,554.5217,956.4602,698.55066,981.7711,791.06323,1106.5643,779.7227
30,-1,880.8602,318.23932,1333.2795,927.7859,0.999938,-1,-1,-1,928.2284,572.6028,1096.1772,556.4187,959.08923,698.57825,984.3266,793.68225,1110.4843,781.3045
31,-1,888.1888,328.3757,1331.7361,935.9137,0.99994755,-1,-1,-1,933.99,580.58075,1099.0002,564.2697,968.5531,706.8737,991.2726,797.7771,1116.5613,785.9128
32,-1,888.2117,329.171,1332.0842,935.8764,0.9999471,-1,-1,-1,934.02014,580.7052,1099.0304,564.31177,968.35016,706.8221,991.1704,797.72174,1116.594,785.78485
33,-1,889.32587,325.6806,1334.0238,928.9382,0.99993956,-1,-1,-1,935.0631,573.77515,1099.0316,558.9293,963.61725,700.9612,990.2107,792.64136,1115.1829,781.5471
34,-1,890.953,320.43277,1336.2898,926.1436,0.99994314,-1,-1,-1,933.5139,569.21655,1099.9105,552.8113,962.07025,694.9048,988.0474,788.43524,1117.5444,776.03094
35,-1,889.1403,320.7386,1339.4696,933.8745,0.99997175,-1,-1,-1,936.79736,565.7002,1104.6726,546.7935,967.58813,691.1222,987.66473,790.33624,1118.645,775.9414
36,-1,888.91455,316.00372,1341.7742,931.7155,0.9999732,-1,-1,-1,937.2722,563.1599,1105.2422,542.07385,967.6721,683.72015,987.7794,787.51263,1118.8939,771.052
37,-1,889.02325,316.27255,1341.5913,931.91315,0.9999733,-1,-1,-1,937.32697,563.06085,1105.4233,542.07153,967.8424,683.8042,987.6654,787.42596,1119.2465,771.0656
38,-1,889.52686,302.85654,1339.961,928.2487,0.9999653,-1,-1,-1,940.3968,552.62244,1103.7112,538.8404,966.7744,678.07916,991.5245,782.2111,1115.3423,771.2737
39,-1,892.4232,304.17633,1341.7721,922.63947,0.9999608,-1,-1,-1,942.9806,548.15424,1109.3479,536.3748,967.1378,673.32684,986.7177,777.81647,1110.0664,769.39386
40,-1,895.043,301.08688,1342.0143,921.8696,0.9999654,-1,-1,-1,945.4604,544.40497,1108.2267,534.3299,966.7676,670.3891,987.6495,772.7558,1110.7728,766.01355
41,-1,897.18463,295.5879,1341.0769,918.57434,0.9999647,-1,-1,-1,946.2318,538.50854,1114.2286,532.18207,969.9915,667.2459,984.92523,766.9487,1114.095,763.45264
42,-1,897.3244,295.7211,1341.7845,918.6677,0.99996436,-1,-1,-1,946.5456,538.5075,1114.5673,532.15826,969.99445,667.1659,985.08124,767.0208,1114.2198,763.4739
43,-1,901.6038,285.38074,1343.3611,908.04553,0.99996066,-1,-1,-1,953.8113,524.27527,1117.8304,522.29126,968.4022,650.0666,981.74115,753.8906,1106.2511,754.1772
44,-1,904.28296,279.4494,1341.5137,904.4875,0.99995303,-1,-1,-1,952.49963,523.02295,1119.4592,518.3236,969.2013,648.5676,984.8712,759.271,1104.6265,755.6315
45,-1,905.8178,272.6213,1346.7555,899.71075,0.9999645,-1,-1,-1,954.574,518.86237,1121.7277,514.4947,968.31335,642.6357,984.9354,754.70386,1103.2522,751.2528
46,-1,905.7896,259.98376,1348.6561,890.1405,0.999962,-1,-1,-1,955.4032,509.8451,1125.0109,509.85773,967.25256,634.3106,981.22925,744.00507,1100.9705,744.33606
47,-1,907.4984,259.35718,1349.9254,882.7258,0.9999535,-1,-1,-1,960.2053,501.77225,1118.018,506.78232,961.8168,622.2377,980.8009,728.17816,1097.4896,733.26666
48,-1,904.34375,252.29118,1344.7632,876.1876,0.999956,-1,-1,-1,958.59705,495.50397,1113.1678,503.172,954.5384,617.10846,972.9971,720.5849,1087.9264,728.1893
49,-1,912.78143,247.88815,1336.1915,873.6003,0.99995816,-1,-1,-1,949.28894,491.0218,1099.915,500.021,939.9533,609.96454,966.3794,721.3175,1075.3274,729.88666
50,-1,899.1279,246.0543,1324.5713,870.8228,0.9999502,-1,-1,-1,945.0017,490.38428,1086.9352,495.9937,926.1596,600.0494,951.8371,716.7272,1053.479,721.58453
51,-1,894.70844,249.41254,1314.551,865.4855,0.9999447,-1,-1,-1,936.45557,482.21118,1079.9755,491.0536,918.5586,590.80206,943.86414,709.467,1046.5685,717.7123
52,-1,898.32007,241.21906,1312.3082,858.47107,0.99995005,-1,-1,-1,939.51996,470.5238,1070.6373,481.21362,905.24084,581.8628,942.15094,702.32184,1034.0505,711.15106
53,-1,897.69525,240.048,1311.0895,856.8843,0.9999554,-1,-1,-1,940.0909,467.96133,1069.494,478.11258,903.90564,575.79486,939.489,701.09576,1029.8004,709.12787
54,-1,902.14026,233.89384,1321.4802,847.0299,0.999959,-1,-1,-1,946.5415,469.10208,1082.5361,479.6231,919.9903,575.415,949.73004,691.19275,1047.7448,700.106
55,-1,911.9046,229.49393,1344.1976,841.6535,0.999962,-1,-1,-1,964.6148,469.98172,1108.0911,477.71085,943.2125,573.8462,965.6829,686.6348,1071.8549,693.4698
56,-1,922.2916,234.1164,1351.7783,833.7244,0.9999635,-1,-1,-1,965.96466,475.01385,1133.2913,471.38055,982.8152,569.8522,987.3617,690.4581,1111.5168,689.7833
57,-1,956.0319,226.6132,1383.4507,847.372,0.9999713,-1,-1,-1,1018.1178,488.94867,1200.1002,479.02597,1062.4814,578.5768,1041.0576,699.8434,1182.2413,693.09753
58,-1,962.4897,225.52954,1402.5525,851.8354,0.99997854,-1,-1,-1,1035.6599,489.21518,1223.8958,475.29767,1092.8427,582.16565,1062.0698,701.21716,1210.1345,690.34326
59,-1,962.7735,225.40247,1402.3782,851.62744,0.9999784,-1,-1,-1,1035.5853,489.54218,1223.653,475.65735,1092.524,582.2638,1062.1191,701.19366,1210.1654,690.3467
60,-1,963.931,221.32419,1405.3267,851.9569,0.9999747,-1,-1,-1,1041.5199,485.6278,1236.6296,473.49475,1105.5293,582.4562,1067.9913,702.7175,1220.7511,693.4716
61,-1,956.8047,228.1651,1393.913,857.6869,0.9999788,-1,-1,-1,1027.4116,489.56055,1214.9388,477.85898,1082.0254,585.3339,1050.4711,702.3432,1198.7213,693.8069
62,-1,952.79517,227.38329,1385.5576,858.5098,0.9999727,-1,-1,-1,1017.881,491.04633,1197.2142,486.4482,1058.4269,589.967,1039.0366,704.2562,1178.9526,701.6495
63,-1,943.1538,238.3961,1371.6005,858.7332,0.99997175,-1,-1,-1,1003.876,496.59778,1181.9541,496.00488,1040.3147,602.25244,1021.2722,706.41534,1163.4724,707.91187
64,-1,943.1672,238.97398,1372.1007,858.58655,0.99997187,-1,-1,-1,1003.87585,496.53683,1182.4314,496.09714,1040.3704,602.13574,1021.23755,706.48816,1163.5272,708.15784
65,-1,930.82043,257.13602,1355.749,876.2447,0.9999685,-1,-1,-1,981.5199,504.363,1147.9058,503.9026,1002.75464,617.0602,1003.9848,720.5712,1134.8783,721.0693
66,-1,923.69464,278.90317,1353.5406,895.8838,0.99996686,-1,-1,-1,972.1361,527.5736,1140.948,525.8824,993.89935,640.1338,998.36847,750.07104,1121.922,749.32825
67,-1,925.537,281.7938,1352.5808,899.84106,0.99996305,-1,-1,-1,971.56036,528.598,1141.0127,530.43005,991.4804,646.5532,996.1479,753.25854,1120.5465,755.4095
68,-1,924.7156,282.51797,1350.79,901.1639,0.9999589,-1,-1,-1,970.06384,528.9996,1142.6619,533.1264,992.9678,648.34906,994.48114,752.592,1122.8827,756.86914
69,-1,923.13153,280.75726,1349.5669,900.9439,0.9999621,-1,-1,-1,969.0645,527.4407,1142.5013,531.94543,992.8617,646.3868,992.74554,751.49615,1121.21,756.1755
70,-1,922.4143,273.27563,1348.8871,896.5089,0.999961,-1,-1,-1,969.83984,521.63165,1141.0269,526.85443,991.7173,640.1841,992.0414,745.1776,1119.6572,750.45966
71,-1,917.56006,267.6252,1344.6965,890.25006,0.99996257,-1,-1,-1,970.97284,512.5855,1136.256,516.5543,987.61804,631.7038,991.0534,734.83484,1116.9595,738.24786
72,-1,909.66626,263.06152,1340.5953,887.0473,0.99996316,-1,-1,-1,964.6829,504.21576,1134.9292,509.0144,985.444,623.57623,984.17474,729.75494,1111.9354,734.6395
73,-1,907.798,255.01492,1334.1274,879.65607,0.99995995,-1,-1,-1,961.599,497.13574,1129.9957,505.28513,980.2359,617.7211,978.46686,721.47217,1104.0287,729.68243
74,-1,905.9139,250.84558,1333.007,873.59924,0.9999598,-1,-1,-1,960.5114,490.49036,1128.7834,501.74677,977.21545,615.0555,975.103,715.93304,1098.8124,727.12964
75,-1,902.8927,254.16353,1331.977,872.69,0.9999577,-1,-1,-1,958.88696,489.61774,1125.2078,499.44144,973.54224,613.8727,973.46857,716.3039,1094.0741,726.4926
76,-1,898.04175,251.6805,1328.6375,878.69885,0.9999615,-1,-1,-1,954.27704,491.88995,1116.5432,500.21136,966.92126,616.57825,970.0622,718.10016,1091.7869,726.81525
77,-1,897.0344,249.88753,1326.7369,875.9811,0.9999546,-1,-1,-1,952.8617,492.13922,1113.0403,500.8738,963.8413,617.4746,968.17145,717.0016,1088.2036,725.85724
78,-1,894.7814,248.87187,1325.569,873.9953,0.99995553,-1,-1,-1,951.48975,490.23007,1113.7672,499.6021,964.32916,614.80066,965.89105,715.73566,1085.3419,725.2373
79,-1,885.81525,245.91168,1324.6586,868.41895,0.9999572,-1,-1,-1,948.0139,483.1747,1108.0858,483.73334,954.7526,599.6651,962.4908,716.5511,1075.7788,717.2639
80,-1,888.47363,240.6619,1319.2693,878.7255,0.99995625,-1,-1,-1,946.3262,480.87326,1107.8263,481.5435,955.7114,598.6085,962.68445,719.1038,1079.2998,719.4433
81,-1,888.4894,241.6931,1318.9192,878.82697,0.99995506,-1,-1,-1,946.1679,481.0233,1107.7668,481.4758,955.7633,598.7094,962.7404,719.36584,1079.4419,719.5209
82,-1,884.27594,241.0607,1327.3068,865.0876,0.99995697,-1,-1,-1,941.7221,477.6962,1112.5864,480.11807,958.4789,593.1066,959.0213,710.5359,1078.8455,715.21
83,-1,879.45917,233.84503,1321.5568,858.7252,0.9999627,-1,-1,-1,936.6647,466.56976,1108.0819,471.3904,954.6231,588.667,952.10187,699.72504,1078.6243,705.84534
84,-1,880.3893,224.30954,1318.9418,859.55615,0.9999653,-1,-1,-1,940.0207,464.75177,1114.0354,466.7117,957.3136,583.39484,951.653,695.3823,1083.9478,698.1394
85,-1,879.03076,220.57292,1317.7018,857.6648,0.9999641,-1,-1,-1,939.6563,463.17035,1114.1995,465.7153,959.1705,582.1346,951.89,692.25104,1085.7433,695.59784
86,-1,877.7128,228.52034,1319.1707,857.4029,0.99996495,-1,-1,-1,936.8464,460.55637,1111.6934,468.3466,958.28235,582.8691,949.6253,691.00616,1084.2395,700.05524
87,-1,873.90155,215.88672,1314.9108,855.4131,0.9999739,-1,-1,-1,936.78015,459.33456,1120.1528,464.8251,967.5454,581.19073,949.8356,688.2537,1091.5256,694.8403
88,-1,871.65967,216.99815,1314.6593,859.40936,0.99997056,-1,-1,-1,935.39905,462.75992,1121.2316,465.7659,969.2958,581.3148,949.5499,691.1384,1094.1198,695.6722
89,-1,864.67114,229.56223,1315.3896,865.9318,0.9999665,-1,-1,-1,931.7285,470.3616,1128.0847,472.5483,973.8081,588.27924,946.75146,705.09235,1097.0938,709.04694
90,-1,862.06305,232.81258,1313.7843,868.54895,0.99997044,-1,-1,-1,928.84735,476.1927,1125.822,477.67905,970.998,593.9459,945.04333,709.6848,1094.698,713.1399
91,-1,860.21924,235.90042,1312.3652,877.4379,0.99995923,-1,-1,-1,928.6086,481.22955,1120.556,484.09293,967.0507,601.4339,945.1567,716.8925,1089.0278,721.1955
92,-1,858.14105,239.59929,1313.1761,885.31323,0.99996245,-1,-1,-1,924.80237,487.88812,1118.1976,491.2319,963.7058,608.7662,941.8184,722.4486,1087.124,727.3096
93,-1,859.86444,243.81252,1312.7909,894.3361,0.9999734,-1,-1,-1,925.2984,491.50635,1120.9469,494.11752,966.683,616.8059,944.43555,731.097,1090.2307,735.3272
94,-1,864.1917,241.40164,1320.7576,903.7974,0.9999622,-1,-1,-1,931.18945,498.818,1123.7366,500.21545,968.05615,626.6582,952.645,741.1355,1097.3906,743.85175
95,-1,865.6664,257.42966,1323.8628,902.3924,0.9999614,-1,-1,-1,932.1832,504.87332,1131.8702,508.93082,978.06256,637.7437,957.21295,749.3491,1102.7323,754.80035
96,-1,866.49316,266.58582,1325.027,911.04333,0.9999665,-1,-1,-1,934.67413,513.54126,1134.639,518.86536,982.649,643.7015,958.26855,754.04895,1107.3002,760.6712
97,-1,862.1534,271.85434,1324.7365,918.1052,0.9999696,-1,-1,-1,933.82855,517.8668,1139.1238,521.4501,987.50574,645.93616,956.58545,758.7324,1110.85,764.0871
98,-1,861.88043,266.82938,1316.9211,924.3695,0.99995935,-1,-1,-1,936.9197,515.2623,1148.5664,518.473,999.6503,646.8087,959.1553,763.06335,1118.0032,767.59576
99,-1,862.0561,266.80887,1316.1919,924.4963,0.99995816,-1,-1,-1,937.02734,515.19464,1148.5627,518.4089,999.8579,646.89355,959.2395,763.13074,1117.8823,767.6476
100,-1,855.5517,261.1575,1326.8545,931.399,0.99995863,-1,-1,-1,937.60425,517.30273,1150.5972,523.00116,999.1363,648.7444,957.57513,760.49316,1121.0109,767.4518
101,-1,845.735,264.60233,1318.7576,931.88385,0.999962,-1,-1,-1,931.90295,517.41437,1146.8251,521.1966,998.7753,649.1836,952.1304,760.29193,1118.8304,765.6158
102,-1,841.98804,263.94586,1321.5093,939.59705,0.99996567,-1,-1,-1,928.3334,522.3246,1143.5975,524.03894,994.80194,654.534,952.2153,769.5283,1115.3895,772.9344
103,-1,841.9728,262.5259,1321.0137,939.75476,0.9999659,-1,-1,-1,928.4953,522.2287,1143.531,523.941,995.1471,654.59955,952.6377,769.99963,1115.3033,773.3577
104,-1,834.927,271.72525,1306.8405,936.3548,0.9999641,-1,-1,-1,925.60315,532.0058,1139.6007,531.9692,998.0001,653.94226,949.8444,779.9024,1101.8727,781.1014
105,-1,824.1714,275.312,1286.4418,939.55383,0.99996805,-1,-1,-1,913.5896,540.68695,1124.45,545.24115,981.0664,669.2924,932.7222,782.12714,1084.9576,786.95294
106,-1,817.95685,273.4654,1287.418,943.92346,0.9999696,-1,-1,-1,905.7605,546.38306,1119.0746,548.7115,973.42645,674.4433,925.4428,785.7591,1084.7812,789.078
107,-1,809.1637,286.5753,1286.6853,939.95447,0.9999734,-1,-1,-1,896.2092,551.31177,1108.7316,550.27325,965.4231,675.04956,924.37366,791.5489,1082.0352,791.7854
108,-1,809.2469,286.1565,1286.4014,939.9104,0.9999732,-1,-1,-1,896.1646,551.2264,1108.8035,550.29004,965.3467,675.21466,924.29675,791.6796,1081.8359,791.99176
109,-1,807.05237,299.2069,1282.5571,954.2003,0.9999759,-1,-1,-1,889.82886,561.7919,1097.5168,561.82465,954.01117,688.756,914.7316,796.1723,1072.7509,797.5044
110,-1,805.4342,297.40826,1280.9131,960.7933,0.9999752,-1,-1,-1,883.534,567.9348,1088.1161,565.65607,943.56384,693.5616,911.12976,800.7907,1068.6765,800.1156
111,-1,798.6676,296.9332,1275.504,960.10065,0.9999831,-1,-1,-1,877.7156,573.9595,1080.9402,570.2125,938.44226,697.62524,905.3015,800.5274,1065.886,798.82275
112,-1,797.8627,298.36526,1273.44,963.5929,0.9999751,-1,-1,-1,871.37946,576.3858,1078.9086,571.70685,933.0142,703.57385,900.42285,805.1392,1064.2979,802.70355
113,-1,793.68,302.77597,1271.811,975.18317,0.9999714,-1,-1,-1,865.11237,586.5583,1070.9263,579.61475,924.46954,713.5136,900.02686,818.65875,1059.1343,815.20746
114,-1,794.3558,308.5337,1272.8333,978.4176,0.9999763,-1,-1,-1,864.24493,590.25745,1071.7743,585.58417,923.6861,716.8344,897.64575,821.6923,1059.3279,820.10657
115,-1,795.9011,307.5296,1275.4141,983.0774,0.9999716,-1,-1,-1,864.00604,595.68054,1073.488,588.8178,923.328,719.024,895.98004,825.9358,1061.8004,822.8518
116,-1,800.321,322.22397,1280.3734,984.60944,0.99997497,-1,-1,-1,868.443,595.11993,1075.354,592.37146,924.74664,724.49335,900.8449,828.0749,1061.4207,827.594
117,-1,803.9613,325.7298,1281.8665,987.956,0.9999701,-1,-1,-1,870.62024,593.54236,1076.0543,589.72546,926.668,727.2001,904.7656,829.8187,1063.8202,828.3698
118,-1,804.94434,323.1936,1286.8632,986.061,0.9999747,-1,-1,-1,872.58356,594.31647,1079.2124,589.27704,930.07104,727.91437,907.94025,829.628,1068.2147,827.11707
119,-1,804.2291,323.10962,1290.0641,986.838,0.99997866,-1,-1,-1,875.0824,594.85736,1083.3809,589.5658,935.2723,727.9217,909.45325,829.19116,1073.8994,826.51587
120,-1,806.52844,322.18927,1291.8276,987.9583,0.9999753,-1,-1,-1,879.348,594.4187,1088.2628,588.52875,941.8643,729.9773,914.77856,830.582,1078.5682,827.27545
121,-1,806.8209,321.84204,1292.9211,988.05035,0.9999747,-1,-1,-1,879.64453,592.6771,1088.8585,587.91125,941.7974,730.1612,914.6683,830.3191,1078.0173,827.90894
122,-1,808.9084,321.61182,1295.926,987.8576,0.9999722,-1,-1,-1,881.20715,593.413,1091.2513,587.15173,943.89557,729.2456,918.8154,832.98846,1080.6409,829.31433
123,-1,809.85406,320.29028,1297.581,988.0174,0.99997044,-1,-1,-1,883.45764,594.65393,1092.7025,587.28253,946.09875,727.32666,922.13544,834.4753,1082.3204,829.7516
124,-1,818.08777,326.99625,1304.1575,984.8898,0.9999645,-1,-1,-1,889.6783,594.96594,1100.3401,587.5879,951.49805,729.15594,929.5719,837.3345,1086.2449,832.46893
125,-1,827.1072,323.50058,1306.3474,988.0001,0.9999639,-1,-1,-1,897.322,596.8908,1104.2688,597.72546,954.6714,730.6713,928.69727,831.5237,1086.2308,834.24036
126,-1,825.558,329.97443,1301.093,985.6366,0.99995565,-1,-1,-1,887.07745,595.8129,1091.5845,588.3975,942.2974,730.2768,928.9892,833.43036,1087.3448,828.83295
127,-1,811.10175,310.08118,1277.1497,975.712,0.9999685,-1,-1,-1,857.7934,569.7223,1036.52,572.9322,873.02515,705.9587,884.13947,804.3524,1032.0587,809.3022
128,-1,807.7877,300.02548,1281.1792,955.4667,0.9999696,-1,-1,-1,851.57513,553.524,1016.73834,546.39453,851.6471,683.39764,884.3707,801.26013,1004.73804,796.78705
129,-1,817.31323,285.46228,1279.4401,946.1367,0.9999589,-1,-1,-1,856.8758,546.5845,1023.3126,546.0731,860.51483,671.4496,882.5948,780.4748,1015.1868,784.00757
130,-1,815.45984,283.05994,1279.1603,945.61536,0.9999583,-1,-1,-1,856.00684,545.86865,1023.5827,545.99786,860.6942,672.68427,881.48987,779.47327,1015.6556,783.6065
131,-1,833.0363,267.37018,1299.2316,935.4645,0.9999622,-1,-1,-1,877.5783,534.08636,1048.5248,541.49963,883.8448,665.54913,901.94617,767.597,1037.0205,777.29645
132,-1,850.12634,266.1072,1304.8909,933.2486,0.99996376,-1,-1,-1,891.53973,537.89874,1057.5554,543.6338,897.86975,672.72906,918.3542,770.4953,1049.1211,778.2979
133,-1,843.3953,269.54144,1316.0986,943.7051,0.99995947,-1,-1,-1,888.6693,546.4922,1063.9052,544.9477,903.3214,679.27484,926.6962,786.0366,1056.075,786.19403
134,-1,845.99054,287.8727,1315.3193,951.499,0.99996424,-1,-1,-1,894.29675,549.88837,1063.0333,548.95874,899.7918,678.6086,922.9201,789.5257,1048.9143,790.4427
135,-1,845.55255,288.5128,1326.0491,964.954,0.99996567,-1,-1,-1,897.91473,558.16675,1064.5575,553.493,902.0751,687.3455,928.75476,801.5143,1054.6896,799.35156
136,-1,846.61395,310.8324,1326.2587,968.2034,0.9999614,-1,-1,-1,896.2419,571.9706,1071.7316,564.62665,911.3519,699.01495,930.808,808.7487,1064.9901,805.08435
137,-1,853.40674,319.18076,1326.8821,972.00824,0.99997103,-1,-1,-1,900.28723,577.3581,1073.9199,572.5811,915.3022,710.56976,935.40656,812.69806,1067.7712,811.28564
138,-1,859.4641,315.05786,1330.3376,969.5953,0.9999604,-1,-1,-1,904.4361,571.6779,1078.0225,568.92487,918.24335,708.5484,938.5534,810.7342,1069.4736,811.28436
139,-1,867.3213,305.04938,1326.5613,975.5442,0.99995303,-1,-1,-1,905.54834,566.9972,1084.3368,568.7682,921.166,706.89,935.0661,810.92957,1073.2993,815.4397
140,-1,869.5875,302.94193,1326.9038,975.06573,0.9999578,-1,-1,-1,908.60284,564.7246,1087.1766,567.1431,926.47107,706.6637,939.0092,809.6009,1076.7906,814.86285
141,-1,870.5881,302.84375,1329.0801,976.33167,0.9999598,-1,-1,-1,910.14215,565.074,1091.1984,566.9671,931.07654,708.1247,940.5236,809.447,1082.4039,814.11957
142,-1,873.0842,304.9503,1330.516,977.4067,0.99995685,-1,-1,-1,913.78064,565.76776,1095.7634,568.4983,936.84076,709.94556,944.2482,809.9957,1086.9058,815.42035
143,-1,872.9867,304.8018,1329.9962,977.0133,0.9999572,-1,-1,-1,913.837,565.9417,1095.834,568.4529,937.13416,709.55884,944.32355,809.9834,1086.7808,815.20557
144,-1,873.6157,303.9846,1329.7211,973.35724,0.99995434,-1,-1,-1,914.1116,565.3239,1097.0352,567.6803,937.892,706.23773,944.2821,807.9517,1086.9529,813.0797
145,-1,872.5051,303.9358,1330.3208,969.2403,0.99995697,-1,-1,-1,913.3276,563.1147,1097.1389,566.0199,937.92786,703.5696,944.28516,805.27386,1086.97,810.70544
146,-1,871.57275,305.1788,1328.1466,958.35547,0.9999492,-1,-1,-1,920.03406,553.9804,1102.6782,559.8957,942.0405,695.0271,947.90265,792.2459,1091.8495,799.4331
147,-1,873.56714,299.49237,1330.6259,948.72925,0.999954,-1,-1,-1,922.9323,548.1643,1106.347,554.17706,943.7676,688.5325,946.8932,786.01355,1089.9432,793.264
148,-1,873.7594,300.73074,1330.4015,948.04,0.99995244,-1,-1,-1,923.0534,547.8525,1106.3031,553.96747,944.04266,688.8419,947.5994,786.0442,1090.2932,793.32227
149,-1,871.5872,278.38538,1333.817,933.09985,0.99996233,-1,-1,-1,923.36523,528.1956,1111.3962,532.29987,945.6052,664.51654,946.3972,767.9222,1092.4454,772.94806
150,-1,872.36176,276.3609,1336.5099,928.4289,0.999969,-1,-1,-1,924.97675,524.5586,1112.2625,527.1765,946.8086,655.6132,945.4477,761.38135,1092.7742,765.80286
151,-1,876.4014,275.69467,1334.8638,922.70245,0.99996674,-1,-1,-1,928.8055,519.6333,1117.0251,528.1855,951.4447,651.3791,947.5496,756.0837,1093.4357,766.2368
152,-1,880.31665,268.62912,1335.6418,913.9878,0.9999691,-1,-1,-1,932.28217,520.5453,1118.6322,530.41504,955.7195,651.8334,952.821,754.1933,1095.108,764.5959
153,-1,883.48804,268.27914,1343.1887,920.24023,0.9999727,-1,-1,-1,940.4688,524.24005,1127.1267,534.68744,968.89215,653.65985,960.96313,753.13416,1105.7413,764.96515
154,-1,884.8383,268.89886,1344.0632,925.06177,0.9999747,-1,-1,-1,944.7567,526.2779,1137.0675,532.65094,981.68567,653.7206,965.9848,757.45465,1117.1046,765.7843
155,-1,891.30133,269.09903,1354.5369,923.2056,0.9999776,-1,-1,-1,952.6854,529.30817,1148.7426,534.90857,992.63556,655.4225,972.9542,757.345,1128.853,764.39026
156,-1,894.42847,271.45013,1355.9963,923.4717,0.9999722,-1,-1,-1,959.5387,531.2689,1156.2518,534.97705,1003.4356,656.9971,980.39636,758.6867,1136.7438,763.71515
157,-1,900.467,273.8197,1358.5374,926.4314,0.9999721,-1,-1,-1,968.968,535.5222,1163.7976,538.9169,1014.3749,661.37146,989.5948,763.0982,1143.8116,767.315
158,-1,899.3477,269.38882,1358.6083,927.75256,0.9999683,-1,-1,-1,968.9523,539.9137,1170.4601,544.20416,1023.0822,666.1319,991.1617,766.1782,1149.93,771.7615
159,-1,899.23596,273.5591,1359.7222,926.5474,0.9999684,-1,-1,-1,973.73694,542.46686,1178.966,544.95044,1033.3451,666.1413,996.22687,770.4472,1152.735,774.57544
160,-1,900.4222,273.12454,1361.372,925.67676,0.99996746,-1,-1,-1,978.8516,547.09656,1181.3749,546.412,1040.0417,667.81335,1005.17163,773.1472,1156.9728,774.7209
161,-1,904.22424,269.9001,1362.9547,918.44574,0.9999738,-1,-1,-1,985.7904,545.1737,1186.0411,544.7644,1047.7345,665.9406,1011.3773,770.5826,1160.0717,771.54047
162,-1,902.8283,269.6325,1361.8163,923.0482,0.9999746,-1,-1,-1,987.3889,543.6051,1188.1434,544.3108,1050.7249,663.89087,1010.8628,770.4441,1160.8575,772.57874
163,-1,900.5246,269.41953,1360.1104,924.0889,0.9999734,-1,-1,-1,986.8608,543.56854,1189.2178,543.4854,1053.01,661.98785,1010.7852,771.5837,1161.4591,773.0802
164,-1,896.8207,267.89694,1357.053,922.9747,0.9999664,-1,-1,-1,985.2569,542.1097,1190.8883,540.8676,1055.9581,660.1328,1006.2438,766.7149,1166.5044,766.8742
165,-1,899.854,270.20975,1349.9655,919.59406,0.99996185,-1,-1,-1,987.1051,543.51086,1192.5182,542.3513,1060.7107,664.2758,1006.7301,764.767,1170.0984,764.9102
166,-1,899.8365,270.13593,1349.9573,919.61786,0.99996185,-1,-1,-1,987.08264,543.50305,1192.5309,542.35065,1060.6984,664.25885,1006.6969,764.79596,1170.0665,764.9416
167,-1,902.1121,276.85022,1347.434,917.126,0.999959,-1,-1,-1,988.16174,546.52515,1195.8241,547.1994,1061.7867,672.18085,1007.0278,767.4064,1171.7931,768.54425
168,-1,897.88257,287.76215,1346.6118,930.83044,0.99996006,-1,-1,-1,987.37256,555.7574,1198.4086,557.2303,1064.3763,680.6741,1003.3349,775.673,1173.9071,778.2615
169,-1,899.63403,293.11874,1344.4618,935.9876,0.9999566,-1,-1,-1,988.1892,560.6832,1199.0964,560.8457,1066.0895,685.86084,1005.07153,781.4677,1174.1598,783.31824
170,-1,900.4039,298.9447,1341.4194,938.5035,0.99995303,-1,-1,-1,988.7354,563.336,1198.1682,563.9733,1066.8667,690.52844,1005.4756,783.71423,1173.901,785.85315
171,-1,900.263,297.83777,1341.3875,938.48676,0.999954,-1,-1,-1,988.8547,563.28107,1198.1196,564.1692,1066.7935,690.3733,1005.3933,783.72815,1173.6454,786.06805
172,-1,902.8756,295.90967,1342.791,948.5838,0.99994075,-1,-1,-1,996.8359,562.8109,1205.029,572.71423,1075.8684,698.4524,1005.24915,784.6426,1178.5083,794.1696
173,-1,897.74365,311.00815,1346.0967,959.5674,0.9999349,-1,-1,-1,996.5864,575.28986,1201.9474,584.4287,1077.8181,714.87164,1009.53894,789.6706,1185.4012,799.4626
174,-1,899.32654,312.84818,1343.8174,962.3727,0.99993944,-1,-1,-1,998.7069,580.69257,1201.583,592.3435,1078.2418,721.1108,1010.99854,795.24774,1181.9166,807.23267
175,-1,903.3501,321.2478,1337.8921,957.7861,0.9999443,-1,-1,-1,996.1053,584.01917,1205.4153,592.4783,1077.3256,722.73236,1008.28723,803.96136,1176.9851,812.4914
176,-1,898.21234,330.04547,1344.4755,959.76294,0.9999496,-1,-1,-1,992.47156,591.8188,1197.7428,593.9978,1074.3153,720.1192,1010.39746,801.32526,1180.2405,803.8567
177,-1,891.7223,330.6491,1336.4037,961.23096,0.99995136,-1,-1,-1,987.873,596.11926,1193.4181,596.0612,1073.2299,726.4601,1007.8632,806.43604,1177.151,807.3202
178,-1,887.1903,332.8382,1334.0872,963.3023,0.99995136,-1,-1,-1,984.5113,596.681,1191.0483,598.30365,1068.9252,728.02094,1001.5333,807.3628,1172.9587,809.8301
179,-1,879.4917,330.74756,1327.565,962.49194,0.9999558,-1,-1,-1,978.14526,596.2409,1184.5742,596.9121,1064.1277,727.308,996.15326,808.0656,1166.9397,809.4893
180,-1,873.903,325.0342,1323.3821,968.6137,0.9999497,-1,-1,-1,973.38367,596.83344,1178.6226,594.7941,1060.9849,726.16693,992.66626,805.1723,1167.5547,804.97546
181,-1,869.7425,320.286,1314.5131,959.88007,0.9999522,-1,-1,-1,966.1411,593.5535,1175.9113,592.45215,1053.0144,723.62646,987.3499,811.2602,1154.9386,810.867
182,-1,861.10126,318.2896,1316.8367,957.2529,0.99995863,-1,-1,-1,964.4489,589.385,1170.7277,585.05945,1054.755,717.6562,989.8913,805.4633,1156.2134,801.9112
183,-1,864.2545,316.98422,1305.8004,952.1772,0.99994755,-1,-1,-1,961.03845,583.2837,1167.2261,576.62994,1050.4464,715.2933,985.3664,799.2076,1155.2908,793.72565
184,-1,866.9661,310.86444,1309.8126,942.22406,0.9999504,-1,-1,-1,961.63995,577.08777,1167.4656,571.37823,1049.2318,710.34973,986.2881,791.3889,1156.9404,786.468
185,-1,868.5783,300.8865,1315.9724,937.0088,0.99996054,-1,-1,-1,962.324,569.37616,1171.1771,566.2117,1049.5441,703.575,986.94006,787.85657,1158.5709,785.1939
186,-1,867.68243,289.78027,1329.5431,938.3576,0.999961,-1,-1,-1,963.54675,562.54034,1176.3901,556.83185,1052.504,697.4676,990.32996,781.9109,1165.7084,777.0389
187,-1,876.0892,291.92218,1330.6371,930.8778,0.9999598,-1,-1,-1,968.6528,558.47473,1179.9258,553.0309,1055.917,692.19037,993.205,775.5769,1168.7324,770.953
188,-1,876.02655,292.17636,1330.5151,930.9958,0.9999597,-1,-1,-1,968.5318,558.4984,1179.96,552.9639,1055.9663,692.3007,993.09973,775.6889,1168.7888,771.0027
189,-1,877.13873,284.6924,1335.2133,923.70374,0.9999629,-1,-1,-1,972.9232,549.811,1187.501,545.4177,1063.9071,686.391,996.5736,769.92444,1173.2946,765.9073
190,-1,880.75806,283.3377,1348.6527,925.1677,0.9999583,-1,-1,-1,983.3249,545.9168,1199.4126,541.6382,1078.7327,687.52435,1009.39374,763.04236,1189.559,760.3734
191,-1,896.90985,289.80713,1329.0664,916.9853,0.99994504,-1,-1,-1,995.4322,543.7429,1206.035,548.27185,1088.3868,685.2871,1010.2465,764.0764,1193.4886,767.7314
192,-1,900.57184,288.12964,1337.5552,917.95795,0.9999448,-1,-1,-1,999.69885,545.4481,1212.1083,550.16187,1095.0436,691.50854,1016.5898,765.6499,1199.8301,768.7974
193,-1,900.25055,287.72766,1337.95,918.118,0.9999449,-1,-1,-1,999.60077,545.46375,1212.1084,549.95917,1095.0295,691.4152,1016.6502,765.80347,1199.9227,768.7571
194,-1,898.4712,285.77405,1352.4132,931.3314,0.99995375,-1,-1,-1,1009.50507,558.002,1224.0475,558.0005,1110.8446,699.2546,1023.1398,766.7081,1210.6936,767.10767
195,-1,905.01447,292.33,1360.1588,934.3517,0.9999622,-1,-1,-1,1017.80035,555.7541,1231.2767,554.2665,1120.7562,698.00354,1040.0514,776.7623,1213.1628,776.219
196,-1,905.7511,293.21713,1365.7238,935.13727,0.99996865,-1,-1,-1,1021.0151,555.9269,1234.849,553.8355,1124.4413,694.74115,1044.0729,777.718,1215.5247,776.5211
197,-1,904.9189,287.6095,1368.1224,935.52686,0.99996734,-1,-1,-1,1020.13184,554.2368,1234.9246,549.799,1125.2697,694.3423,1047.0503,778.21014,1218.1888,775.0776
198,-1,900.8837,291.05017,1364.8469,934.0394,0.9999689,-1,-1,-1,1018.31885,550.4879,1233.0497,543.99884,1124.6044,687.6388,1046.7461,779.2748,1212.6537,773.04456
199,-1,900.4288,289.20963,1360.6476,932.1969,0.9999651,-1,-1,-1,1017.32733,548.3367,1229.7053,541.68506,1122.0062,682.8609,1044.5405,776.2081,1210.1833,770.075
200,-1,899.906,278.88022,1358.6996,934.4239,0.99996257,-1,-1,-1,1016.9506,547.1411,1230.0071,540.38293,1120.9994,688.8243,1042.0917,774.6184,1214.5952,768.8974
201,-1,895.4062,276.44913,1356.3322,933.0888,0.999967,-1,-1,-1,1012.7646,544.9343,1225.5392,537.46234,1116.0848,684.825,1038.6658,773.4743,1210.1307,767.32556
202,-1,893.22675,265.78464,1354.6481,932.0823,0.99997425,-1,-1,-1,1008.66187,543.26666,1220.2045,537.3359,1109.252,682.8814,1034.8326,771.46246,1205.7505,766.99097
203,-1,892.384,256.80054,1356.9532,930.78235,0.99997807,-1,-1,-1,1006.9213,540.1761,1219.0615,534.3376,1106.7903,680.00323,1034.0652,770.3293,1204.0228,766.03674
204,-1,891.5626,254.62425,1358.1261,929.7589,0.99997973,-1,-1,-1,1006.8151,539.5891,1219.2479,532.99695,1107.0259,676.787,1034.3833,769.7843,1203.6956,765.00543
205,-1,886.62286,252.90413,1358.6979,930.80554,0.9999765,-1,-1,-1,1008.22565,541.9833,1223.3823,535.08484,1112.2622,670.0229,1031.6681,768.4,1204.942,763.506
206,-1,886.7625,252.9105,1358.7488,930.77795,0.9999763,-1,-1,-1,1008.3316,542.1144,1223.3315,535.1859,1112.3405,670.1492,1031.9141,768.39124,1205.1096,763.4792
207,-1,888.76044,257.21967,1359.2795,928.54987,0.99997556,-1,-1,-1,1010.6216,539.2006,1225.3059,533.5769,1115.1865,666.5186,1034.2933,766.8802,1204.333,762.86224
208,-1,890.88556,252.46315,1360.8246,925.5658,0.9999759,-1,-1,-1,1015.91425,536.95337,1229.9232,529.2769,1123.3281,661.78986,1039.3768,762.1873,1211.3508,756.5665
209,-1,889.7619,265.14557,1361.4572,924.467,0.9999758,-1,-1,-1,1016.4122,533.96136,1227.8058,522.8139,1125.791,656.3379,1048.1887,766.39197,1212.8689,756.70996
210,-1,889.6873,265.26022,1361.3081,924.5192,0.9999757,-1,-1,-1,1016.397,533.8813,1227.7932,522.7924,1125.7969,656.34,1048.1344,766.3813,1212.7924,756.7447
211,-1,892.3228,268.5263,1363.058,921.71014,0.99998033,-1,-1,-1,1017.43445,532.9577,1230.7961,519.9778,1129.235,656.5298,1051.509,766.6206,1217.0282,755.0453
212,-1,903.38,266.20316,1373.0076,919.8891,0.9999794,-1,-1,-1,1027.5437,531.1831,1240.796,517.31287,1140.4575,652.659,1061.4319,762.5559,1229.938,749.7381
213,-1,910.03186,263.77475,1379.452,924.2433,0.99997663,-1,-1,-1,1034.2068,529.23914,1247.8022,516.9823,1146.6045,650.3589,1067.1414,762.67145,1236.5818,750.43115
214,-1,904.83673,259.69815,1379.7227,918.0755,0.99997663,-1,-1,-1,1038.2059,527.1106,1254.4834,515.5397,1155.5193,648.4471,1068.0656,758.55426,1237.5752,748.46747
215,-1,904.90405,259.5383,1380.3448,918.0628,0.99997675,-1,-1,-1,1038.22,527.1274,1254.7,515.53357,1155.4695,648.57245,1068.0687,758.5024,1237.8232,748.39124
216,-1,910.0795,234.52972,1382.4374,909.65857,0.9999764,-1,-1,-1,1038.936,520.3504,1255.1807,511.7244,1150.5942,647.7121,1063.6176,745.9955,1240.1766,738.8209
217,-1,905.7164,227.49362,1382.4753,909.6161,0.9999782,-1,-1,-1,1033.1593,517.674,1251.4073,506.6271,1145.3175,644.88306,1060.4003,746.04565,1237.3145,737.09406
218,-1,901.8649,230.02168,1380.1078,910.57935,0.99997497,-1,-1,-1,1028.3822,518.5465,1248.1667,505.7957,1141.8593,644.16144,1056.9612,746.25476,1235.868,735.84894
219,-1,900.099,266.3562,1373.6343,924.9419,0.9999746,-1,-1,-1,1020.67004,529.5235,1239.8492,513.761,1136.3479,650.6663,1048.2665,754.83466,1237.2682,740.05255
220,-1,897.02704,267.40167,1376.1893,926.42566,0.9999753,-1,-1,-1,1020.302,535.5019,1241.3976,518.5254,1137.6777,659.0992,1052.9052,762.8249,1237.0563,746.8972
221,-1,898.9691,266.63757,1378.0298,926.33325,0.9999764,-1,-1,-1,1021.83,534.6051,1242.5287,518.38434,1138.013,660.45264,1053.5793,762.66376,1236.41,747.4733
222,-1,895.7966,247.26436,1385.1003,925.62244,0.99997675,-1,-1,-1,1024.3772,533.4435,1249.0304,518.09106,1142.5167,660.6386,1055.7563,763.32336,1238.0554,751.0907
223,-1,901.44684,248.73862,1386.6261,920.8166,0.999972,-1,-1,-1,1027.7363,525.9921,1252.281,509.02612,1146.5157,655.01337,1060.3474,757.9747,1241.9371,744.20154
224,-1,904.6482,231.19266,1392.294,911.7255,0.999977,-1,-1,-1,1032.0581,520.22675,1254.7936,503.86853,1147.0094,650.7222,1064.8489,752.02954,1244.4049,738.4835
225,-1,903.53357,227.96123,1393.7053,907.5753,0.99997926,-1,-1,-1,1032.5,515.5645,1254.943,499.69077,1147.6218,646.7794,1065.465,746.768,1244.3397,733.9546
226,-1,905.6376,223.12238,1391.0596,904.42505,0.9999802,-1,-1,-1,1033.852,510.65063,1254.2635,496.89313,1147.149,640.6666,1065.6814,742.6076,1240.4194,731.5832
227,-1,899.9201,221.78796,1383.3522,903.0118,0.99997914,-1,-1,-1,1026.9241,505.5151,1249.4924,492.79944,1142.7601,632.70325,1057.8287,738.5684,1237.0732,728.3517
228,-1,899.84735,220.73703,1383.6877,903.2296,0.9999795,-1,-1,-1,1026.958,505.5282,1249.705,492.79514,1142.8059,632.542,1057.7511,738.52356,1237.2444,728.31824
229,-1,901.32654,241.04927,1379.0974,903.3331,0.9999771,-1,-1,-1,1022.71704,503.07556,1244.4542,490.8864,1137.0643,623.6725,1055.1646,738.8879,1231.4841,727.2149
230,-1,897.9448,242.79665,1376.759,902.6486,0.99997747,-1,-1,-1,1019.42126,502.47626,1241.2916,489.9994,1133.8647,622.42993,1051.4639,737.84814,1229.6411,726.1038
231,-1,896.8126,242.1147,1378.1804,910.1014,0.99997354,-1,-1,-1,1014.0081,507.04715,1236.6196,492.36264,1125.0303,624.9647,1047.7992,744.32465,1225.6565,731.2704
232,-1,896.76373,242.06651,1378.1226,910.2876,0.9999734,-1,-1,-1,1014.0397,506.94705,1236.6012,492.2974,1125.0487,624.90204,1047.71,744.32227,1225.607,731.3175
233,-1,895.4793,242.07991,1378.7904,914.8191,0.999974,-1,-1,-1,1014.7308,510.06598,1236.3574,496.27133,1124.677,629.2496,1046.9224,747.2695,1224.2268,735.1895
234,-1,898.659,245.81235,1386.7207,919.6426,0.999972,-1,-1,-1,1013.2855,516.86914,1235.2915,499.9865,1120.3267,635.27954,1049.1566,753.7742,1225.3033,739.29913
235,-1,896.4008,255.29495,1384.5831,925.7807,0.9999678,-1,-1,-1,1013.3505,522.34937,1234.0349,506.0299,1121.4268,640.95703,1049.3909,758.724,1223.7991,744.7225
236,-1,896.4701,269.82043,1370.8915,934.3343,0.9999702,-1,-1,-1,1013.27203,528.3754,1231.1625,515.6193,1121.1855,649.4784,1043.6393,764.9619,1221.0448,753.78955
237,-1,896.4565,269.85092,1370.7592,934.3128,0.9999702,-1,-1,-1,1013.2828,528.36847,1231.136,515.6196,1121.2268,649.483,1043.6514,764.9524,1221.0171,753.7848
238,-1,887.9264,258.17404,1364.7764,931.1006,0.99997497,-1,-1,-1,1007.2007,537.00446,1227.4012,519.2863,1120.2949,665.26917,1042.7119,769.2761,1219.5765,754.98285
239,-1,884.1703,256.6131,1365.4478,937.0175,0.99997735,-1,-1,-1,1004.34863,539.9842,1224.5837,522.5537,1116.2146,667.4539,1039.5712,773.2612,1215.7554,759.3044
240,-1,883.6807,256.27988,1364.9817,938.3083,0.99997556,-1,-1,-1,1002.308,546.4314,1221.651,527.4863,1112.8678,668.31177,1037.8528,775.13605,1215.2391,760.0753
241,-1,875.7473,271.89697,1363.9028,937.3193,0.99997544,-1,-1,-1,1002.0919,546.72266,1219.0338,528.7285,1114.5251,662.3374,1039.4585,777.74304,1211.9641,761.9149
242,-1,876.92975,273.3042,1365.2749,937.0339,0.99997616,-1,-1,-1,1002.65546,547.96063,1219.4279,528.6774,1115.0759,661.8062,1041.2339,777.8168,1213.3368,760.92944
243,-1,883.72064,274.24387,1370.7915,940.6334,0.9999802,-1,-1,-1,1008.3384,547.38116,1226.114,526.7933,1121.9111,660.1359,1044.8662,776.0601,1222.9476,758.06714
244,-1,890.5345,271.46265,1370.9708,936.9615,0.9999782,-1,-1,-1,1013.5947,546.3387,1230.2777,524.7233,1127.0005,660.2474,1047.9567,772.5294,1227.4612,753.309
245,-1,896.128,270.00333,1374.2063,932.13055,0.99997866,-1,-1,-1,1017.3799,544.4315,1234.368,522.8283,1130.8024,658.7616,1050.7277,769.0431,1232.2861,749.4695
246,-1,900.40796,267.26062,1379.7678,927.4574,0.9999795,-1,-1,-1,1021.35876,541.17786,1239.3629,519.45245,1135.5934,657.66785,1054.6802,765.05096,1237.3297,745.1283
247,-1,904.61664,266.2637,1382.1796,923.4389,0.99997807,-1,-1,-1,1025.135,535.8777,1242.3591,517.0665,1138.3022,654.9284,1056.8655,759.1373,1239.8218,741.704
248,-1,904.9305,265.71143,1386.0082,920.887,0.9999777,-1,-1,-1,1032.0251,533.7714,1250.7268,515.70715,1148.969,649.5285,1064.4484,759.0365,1248.7396,742.5176
249,-1,905.56177,252.7744,1394.7576,915.11816,0.9999796,-1,-1,-1,1036.8792,530.26733,1257.286,510.02408,1157.0085,641.26807,1071.2765,754.93536,1251.4839,737.3137
250,-1,905.32745,252.29063,1394.7086,915.16736,0.99997985,-1,-1,-1,1036.7018,530.0904,1257.3579,510.02594,1156.8264,641.2498,1071.0886,755.0054,1251.277,737.5565
251,-1,910.3749,252.32552,1396.0217,915.0721,0.99997723,-1,-1,-1,1039.5311,527.657,1258.5452,507.126,1158.6178,638.61707,1076.383,754.4686,1253.3325,736.50775
252,-1,913.8068,250.45735,1398.0709,911.646,0.999979,-1,-1,-1,1042.5175,524.9003,1260.3037,504.43994,1160.8973,637.39667,1081.0276,753.5278,1254.7422,735.5302
253,-1,918.99066,242.50954,1406.7119,908.80835,0.9999807,-1,-1,-1,1049.0696,521.1007,1268.367,500.45947,1167.98,637.92615,1085.8215,750.98926,1261.667,732.30444
254,-1,926.47833,241.67291,1410.4896,910.04535,0.99997807,-1,-1,-1,1056.1714,519.83264,1273.3196,503.13565,1171.8544,637.8277,1088.6509,748.97424,1262.9966,733.6695
255,-1,922.994,239.65717,1415.5767,909.56085,0.9999764,-1,-1,-1,1059.5276,517.3985,1279.2144,506.15588,1176.8914,638.61536,1091.5527,748.8344,1266.4471,738.6597
256,-1,933.4782,219.64314,1422.1798,909.1007,0.99997985,-1,-1,-1,1067.3744,518.317,1288.7483,504.7793,1182.68,642.1155,1094.8683,745.54974,1273.2056,734.4629
257,-1,934.33777,220.34416,1421.1791,908.63763,0.9999778,-1,-1,-1,1069.789,518.975,1290.1998,506.36584,1185.7748,641.3686,1094.6781,744.67065,1273.8601,734.3204
258,-1,929.36346,239.50792,1423.756,909.70197,0.99997914,-1,-1,-1,1069.9064,518.40967,1288.3167,506.68848,1188.301,635.14154,1099.0079,746.5432,1275.0076,735.79877
259,-1,929.34235,239.51732,1423.8043,909.79016,0.99997926,-1,-1,-1,1069.9003,518.41473,1288.3275,506.6759,1188.307,635.13635,1098.9852,746.52106,1275.088,735.7633
260,-1,934.7238,238.7714,1428.3323,908.45416,0.99998057,-1,-1,-1,1074.7166,516.798,1291.8688,505.26617,1191.476,633.84845,1102.7861,744.6082,1278.5494,734.0145
261,-1,935.63245,238.85547,1428.8938,907.12665,0.99998,-1,-1,-1,1076.4352,515.3448,1294.4207,504.38583,1194.2802,633.5764,1104.503,743.3157,1281.226,732.96185
262,-1,940.9199,238.74925,1430.3116,905.34985,0.9999796,-1,-1,-1,1078.5258,515.0608,1296.4224,501.7375,1196.4235,634.4444,1108.9388,744.59247,1283.199,732.08923
263,-1,943.1306,237.51349,1430.2341,904.68805,0.99997795,-1,-1,-1,1080.7947,515.282,1298.3926,500.0821,1200.3804,634.208,1111.6312,743.7031,1287.302,729.30383
264,-1,946.3235,237.16203,1431.5353,904.61316,0.9999783,-1,-1,-1,1082.0197,514.7023,1299.6641,498.68353,1200.9441,634.1106,1112.2715,743.22003,1288.8201,728.10144
265,-1,947.54425,238.84561,1431.173,901.92804,0.999979,-1,-1,-1,1080.0962,513.54553,1297.6274,498.0142,1196.9849,630.3263,1111.7003,741.9513,1286.5665,727.2597
266,-1,945.5488,240.19478,1427.2666,899.6375,0.9999753,-1,-1,-1,1072.3088,512.13574,1290.4047,497.93732,1184.8357,626.05347,1101.5791,739.5315,1278.6211,726.50995
267,-1,938.03796,245.78615,1410.2522,888.22925,0.9999651,-1,-1,-1,1040.4696,502.67413,1254.0547,492.71393,1128.8074,609.99426,1062.5535,724.3482,1236.752,716.6191
268,-1,935.7243,233.74231,1392.431,875.20294,0.9999666,-1,-1,-1,1017.4535,494.09265,1229.2421,487.57553,1090.1431,606.10675,1042.8633,721.436,1208.9714,717.3474
269,-1,935.5774,226.59479,1389.0839,862.54553,0.9999728,-1,-1,-1,1003.81213,483.78546,1205.4728,480.5518,1055.6987,588.05585,1025.6713,709.55786,1178.1031,708.37085
270,-1,927.26166,211.00922,1381.4489,853.6343,0.99997795,-1,-1,-1,988.90607,466.37158,1185.0914,473.8861,1027.0902,576.981,1005.27924,693.68665,1151.6464,702.6688
271,-1,926.7222,194.95222,1369.3867,843.34766,0.99996066,-1,-1,-1,977.2861,456.49698,1160.1497,460.31424,994.9776,564.2173,992.86145,686.63873,1128.6589,690.83496
272,-1,926.76416,194.89423,1369.3308,843.3112,0.99996054,-1,-1,-1,977.3031,456.4608,1160.1746,460.30884,994.9816,564.20166,992.83765,686.5947,1128.6388,690.81946
273,-1,926.0015,197.32126,1374.0533,841.3702,0.9999732,-1,-1,-1,978.3435,457.5704,1154.466,461.0289,987.7882,563.5025,991.4344,687.2233,1119.8011,690.85486
274,-1,925.5272,207.75873,1376.1388,841.7107,0.99996674,-1,-1,-1,978.75824,457.7787,1156.773,463.92548,989.0554,570.80475,990.6066,688.3296,1120.6296,695.34485
275,-1,928.65027,213.76707,1375.9343,859.0759,0.9999752,-1,-1,-1,978.5233,481.5002,1154.1747,483.77423,990.8865,591.9926,995.07776,705.11884,1129.8772,707.912
276,-1,929.407,216.36868,1373.7742,867.10455,0.99996746,-1,-1,-1,976.71844,480.8511,1155.0587,485.17105,989.3505,596.77374,993.1651,708.6995,1131.3973,713.18665
277,-1,929.4758,216.65527,1373.2262,867.26935,0.9999677,-1,-1,-1,976.9169,480.87088,1154.9579,485.1838,989.51855,596.6114,993.1837,708.7331,1131.2019,713.211
278,-1,927.0467,226.7055,1380.1724,872.7283,0.9999645,-1,-1,-1,976.07416,473.24643,1151.52,488.8471,984.5725,603.1689,989.0833,708.281,1121.3499,724.3274
279,-1,923.1855,252.94048,1380.1938,899.5117,0.9999654,-1,-1,-1,973.8451,495.05722,1142.5244,500.97754,984.0962,626.6492,999.1104,737.3074,1123.3148,745.423
280,-1,921.02466,247.95456,1380.9714,896.04486,0.99996305,-1,-1,-1,968.34174,499.4338,1138.8942,498.56635,981.4231,629.4953,999.0779,739.2851,1123.4247,741.2719
281,-1,921.2545,248.5932,1380.7378,895.65967,0.99996364,-1,-1,-1,968.5922,499.58197,1138.9808,498.65134,981.8501,629.3436,999.4038,739.2466,1123.3362,741.1626
282,-1,913.04913,231.55244,1368.2094,882.969,0.9999621,-1,-1,-1,966.9776,488.70444,1136.7295,488.47687,973.8723,612.84564,990.37537,730.5599,1110.2787,730.5472
283,-1,916.7296,229.67317,1372.6548,879.31995,0.99995935,-1,-1,-1,969.8507,480.1634,1135.7083,477.3306,972.3404,603.50525,992.16064,724.2182,1109.6847,722.9804
284,-1,919.3609,227.97987,1369.4401,870.9669,0.9999583,-1,-1,-1,970.6097,477.96255,1137.4479,471.9777,976.28723,596.0106,993.25836,717.4182,1112.8673,713.55225
285,-1,922.3075,228.71394,1372.1278,867.812,0.99996364,-1,-1,-1,973.75134,479.25653,1141.1045,472.53064,982.5175,593.95825,998.0182,714.3755,1119.135,709.84534
286,-1,922.8569,228.58098,1371.0706,873.53156,0.99996495,-1,-1,-1,974.44073,481.39148,1144.4471,476.09055,989.9065,602.45996,1004.27924,719.6066,1127.5812,716.2778
287,-1,921.9546,234.11082,1377.3345,878.57983,0.9999652,-1,-1,-1,972.239,494.03836,1151.7847,488.5729,996.5829,615.4634,1005.6427,730.77985,1134.4669,727.41943
288,-1,921.8569,248.21147,1379.0298,890.06,0.9999635,-1,-1,-1,974.63025,501.42007,1148.8965,494.43118,1000.59973,622.7342,1010.9301,735.30994,1141.1517,732.0096
289,-1,921.90424,248.8273,1377.3209,896.6538,0.9999652,-1,-1,-1,974.04736,504.8039,1148.3732,497.34442,999.2212,624.35516,1008.2831,738.05963,1141.2153,734.1479
290,-1,922.7689,250.23964,1376.6089,896.86523,0.9999664,-1,-1,-1,975.08105,501.28647,1147.51,496.20056,999.10345,623.8328,1008.1035,735.6511,1140.4817,733.96954
291,-1,923.50854,251.42561,1378.2107,894.2772,0.9999645,-1,-1,-1,976.2103,498.80014,1151.7103,493.51718,1001.26086,623.18,1007.59326,733.66003,1142.8541,731.8863
292,-1,924.94995,251.0386,1378.6476,898.1187,0.999969,-1,-1,-1,977.5611,500.6701,1153.5588,495.19458,1002.0907,624.0859,1007.33026,736.21606,1143.2601,734.0697
293,-1,926.2919,250.68398,1379.2373,900.2013,0.99996614,-1,-1,-1,978.5061,501.99298,1158.3726,498.44925,1004.082,625.4058,1005.5132,737.6192,1143.5737,736.5484
294,-1,926.00714,250.57384,1378.7063,899.9458,0.9999658,-1,-1,-1,978.2927,501.91138,1158.532,498.45703,1004.38794,625.39777,1005.3194,737.4676,1143.5792,736.4562
295,-1,926.40344,250.03046,1379.5139,899.0372,0.99996245,-1,-1,-1,978.72516,502.069,1160.5101,499.2698,1005.30646,625.26624,1004.9834,736.81494,1144.5443,736.4464
296,-1,927.2143,249.46577,1380.7585,901.1608,0.9999665,-1,-1,-1,979.6561,503.41986,1162.65,500.04642,1006.79944,625.4834,1005.14557,737.91003,1146.5437,737.0221
297,-1,928.39453,249.23616,1385.2175,900.08484,0.99996734,-1,-1,-1,981.4309,503.50906,1165.9518,501.50037,1008.2333,627.29376,1007.32477,739.47797,1147.7017,739.6024
298,-1,929.6347,249.76347,1384.8136,903.7003,0.999967,-1,-1,-1,982.9155,504.7803,1166.0385,502.83627,1009.75055,630.35986,1010.36444,743.73816,1147.5187,743.71436
299,-1,930.01465,252.43805,1386.0862,908.925,0.99996376,-1,-1,-1,983.56946,507.8528,1163.1088,503.85855,1007.1876,634.5111,1013.22156,751.31335,1144.7305,749.2852
300,-1,929.9054,252.264,1385.9031,909.0405,0.99996376,-1,-1,-1,983.4841,507.8666,1163.0508,503.85413,1007.24304,634.4673,1013.16,751.276,1144.803,749.25415
301,-1,925.7433,278.40814,1390.3279,925.6488,0.99996626,-1,-1,-1,977.51355,532.04736,1157.72,524.3243,1003.09753,660.1371,1012.73126,772.0579,1148.3341,767.9034
302,-1,910.5364,292.72403,1384.4911,940.308,0.9999589,-1,-1,-1,962.56665,559.37396,1140.7992,544.0784,990.6805,680.8645,1003.30615,788.1259,1141.1168,777.22845
303,-1,909.92926,284.97836,1381.0757,933.5012,0.9999684,-1,-1,-1,961.631,538.7521,1144.3386,533.73303,981.3368,672.53467,997.10645,786.88086,1128.3442,784.59344
304,-1,914.42755,277.0733,1381.0463,925.33905,0.9999608,-1,-1,-1,965.8912,529.8202,1143.0127,523.31696,983.474,658.0649,999.26904,773.11584,1130.1753,769.5261
305,-1,911.2706,270.07593,1381.7306,915.5102,0.99996066,-1,-1,-1,963.50464,523.44446,1144.6324,513.8588,986.7724,652.243,1002.0614,768.5199,1132.9138,762.3767
306,-1,907.902,282.53436,1377.9612,922.5909,0.99996233,-1,-1,-1,961.0399,531.7778,1140.6705,518.20355,985.4727,658.68976,1000.8294,774.72,1132.8328,765.28577
307,-1,903.83514,286.29324,1365.927,925.7861,0.9999572,-1,-1,-1,951.26337,536.8737,1126.1107,524.5509,972.19885,668.8005,991.8534,777.553,1123.6691,769.1
308,-1,895.6816,278.76038,1358.7026,916.3079,0.99996376,-1,-1,-1,944.6957,530.4541,1115.1475,522.522,963.13684,656.12476,981.00024,764.582,1111.6202,760.48114
309,-1,887.6752,251.93893,1354.2727,903.4186,0.9999707,-1,-1,-1,937.7835,519.297,1107.1926,503.43423,957.4335,641.7257,983.21936,756.3001,1107.7257,744.6479
310,-1,889.4229,242.96838,1361.816,900.7753,0.99996734,-1,-1,-1,941.625,512.88306,1108.7942,492.71927,962.4302,630.1115,986.4739,745.9956,1116.2445,731.0883
311,-1,881.3541,249.20172,1363.7258,896.03156,0.9999709,-1,-1,-1,932.448,519.76447,1108.4043,483.2603,971.42017,633.66284,998.341,754.52405,1134.365,726.269
312,-1,872.6478,286.01105,1361.2775,924.677,0.99996483,-1,-1,-1,926.46045,553.36597,1105.5258,504.05804,978.7641,665.47705,1007.0568,784.06604,1149.6907,744.73456
313,-1,872.8928,300.435,1365.7024,937.90796,0.99996936,-1,-1,-1,925.6439,565.90125,1108.8721,524.99677,978.3831,686.9164,1005.88794,797.4443,1150.2839,765.00354
314,-1,870.90924,305.5091,1359.9591,941.6266,0.9999671,-1,-1,-1,919.35767,562.5145,1102.2437,530.35333,966.1628,691.3634,992.2386,798.5549,1136.6459,773.73535
315,-1,877.49316,290.7369,1351.964,924.36224,0.99995303,-1,-1,-1,922.3499,536.12933,1095.7325,517.0448,948.4407,663.7727,979.6343,783.5652,1100.6052,770.3934
316,-1,875.8455,287.35037,1359.3301,920.54895,0.999954,-1,-1,-1,923.0763,536.22217,1098.6152,518.13696,949.2366,662.16815,980.86804,782.5543,1100.9055,770.38684
317,-1,875.98914,287.8187,1358.7485,920.90814,0.9999535,-1,-1,-1,923.19183,536.1986,1098.592,518.1719,949.4538,662.1314,980.8604,782.52893,1101.0093,770.4187
318,-1,873.8089,279.93274,1350.1567,928.9673,0.9999511,-1,-1,-1,921.29456,542.4202,1093.7103,519.6164,945.36774,674.7251,982.56604,792.77277,1105.4442,775.4002
319,-1,873.70844,303.9939,1347.4841,931.11774,0.9999341,-1,-1,-1,915.08966,553.19995,1095.9648,532.5139,947.121,682.0907,976.3299,799.738,1094.5658,785.97656
320,-1,875.70917,278.41174,1349.9816,931.93085,0.9999472,-1,-1,-1,920.0336,544.83,1090.4122,523.0872,938.9691,683.2199,975.3788,792.3367,1097.8754,775.1355
321,-1,857.4308,262.80258,1352.2062,928.3785,0.9999455,-1,-1,-1,913.3695,542.04706,1091.9121,519.6461,938.4667,669.4342,963.1485,782.3794,1095.8411,764.87683
322,-1,857.8117,262.4322,1352.1448,927.8281,0.99994445,-1,-1,-1,913.45355,541.96484,1091.7223,519.56415,938.5575,669.8436,963.6739,782.1221,1096.175,764.64874
323,-1,873.9844,238.28629,1356.4666,906.54755,0.99996173,-1,-1,-1,921.63794,519.34686,1093.591,507.7973,936.47815,643.74664,967.57007,759.1292,1091.5677,749.78406
324,-1,884.518,227.04002,1358.4695,896.49585,0.99996424,-1,-1,-1,930.45844,514.0249,1094.0334,502.3126,939.4349,635.1886,974.6941,747.8862,1095.567,739.33466
325,-1,886.37714,219.47899,1359.8856,881.55664,0.99997103,-1,-1,-1,936.22925,493.70377,1096.1223,484.08798,940.96136,616.81305,975.2163,729.85913,1091.0109,722.84985
326,-1,891.6743,225.27774,1358.2114,878.75616,0.9999615,-1,-1,-1,939.04895,489.27762,1101.6769,480.0354,947.1249,614.68146,978.60223,729.35614,1093.8191,722.92926
327,-1,894.37714,219.83871,1360.9008,878.006,0.99996185,-1,-1,-1,941.3855,486.19128,1107.768,481.25275,952.0477,614.0823,979.6407,727.8599,1095.635,725.3731
328,-1,895.0337,218.69035,1360.4067,877.4651,0.9999542,-1,-1,-1,941.5457,482.6094,1111.444,480.2178,954.9079,614.1789,978.49445,724.4492,1098.8899,724.5163
329,-1,895.7224,221.18498,1356.1803,885.3529,0.9999565,-1,-1,-1,946.3307,482.12793,1120.3887,482.72232,956.5233,608.35376,970.73047,726.46545,1097.3616,728.52216
330,-1,899.50854,217.51186,1359.1064,887.0795,0.99995434,-1,-1,-1,949.77014,478.99725,1121.124,479.84866,957.11145,607.3636,973.7296,725.3876,1099.5713,727.5893
331,-1,899.9868,216.55875,1360.493,887.1314,0.99995697,-1,-1,-1,949.69635,478.306,1121.2786,476.49698,958.31177,605.6353,975.97906,725.07385,1103.3213,725.1992
332,-1,899.77057,214.77853,1360.797,886.75916,0.99996233,-1,-1,-1,949.699,478.08734,1122.121,474.78265,960.3696,605.4747,977.2203,724.03204,1106.7297,722.8859
333,-1,899.5429,216.85811,1361.2456,886.92676,0.9999572,-1,-1,-1,949.75354,479.57217,1121.2008,474.95697,960.6635,606.97626,978.45087,725.34204,1106.5613,723.1776
334,-1,898.14087,218.49698,1357.4974,889.2797,0.99996185,-1,-1,-1,948.5782,481.18463,1122.457,478.42435,961.7128,610.01794,976.2743,727.0389,1106.5592,726.01984
335,-1,898.2406,219.17097,1357.6792,889.31195,0.99996173,-1,-1,-1,948.5987,481.14682,1122.3875,478.41736,961.5287,610.0388,976.2458,727.034,1106.5161,726.0634
336,-1,896.3146,216.91238,1359.2332,885.4009,0.99996805,-1,-1,-1,946.25433,485.10168,1124.9894,483.53073,962.7263,611.8017,975.10016,728.4332,1106.9414,728.09033
337,-1,894.58325,215.87552,1356.5183,884.7057,0.99996614,-1,-1,-1,943.1621,483.8521,1120.1597,483.44296,957.057,607.6264,969.57324,724.82806,1101.783,726.0629
338,-1,894.78687,216.08696,1353.8632,884.3413,0.99996996,-1,-1,-1,941.8791,485.24805,1116.8417,482.83298,955.8447,607.6928,970.0231,725.59344,1100.1958,725.355
339,-1,894.58325,216.53856,1353.4032,884.43994,0.9999696,-1,-1,-1,941.84845,485.13663,1117.036,482.80832,956.2277,607.66547,969.87054,725.4964,1100.2817,725.3208
340,-1,894.2887,214.83278,1349.5331,888.42017,0.9999565,-1,-1,-1,938.72235,498.19333,1113.8864,490.96082,955.65375,612.0574,968.1776,729.05945,1106.0428,724.51715
341,-1,881.8206,240.3813,1350.9752,908.317,0.99995875,-1,-1,-1,932.4641,504.97336,1103.1439,503.01126,946.5572,632.6072,964.04364,742.554,1097.629,743.0756
342,-1,881.3023,253.16211,1342.508,908.8383,0.9999654,-1,-1,-1,931.4754,503.78958,1101.2101,499.02222,940.46655,633.68097,959.3648,745.13275,1092.7448,742.3024
343,-1,877.7299,250.54802,1339.679,905.7724,0.99996233,-1,-1,-1,926.9722,502.86246,1094.027,498.6586,933.62427,633.8086,955.6199,743.68726,1085.8643,741.76074
344,-1,877.895,251.20645,1340.5544,905.9645,0.9999628,-1,-1,-1,927.12396,503.3485,1094.09,498.67734,933.527,633.73065,955.5584,743.5369,1086.3439,741.20465
345,-1,876.83295,256.5923,1337.8291,915.46515,0.9999491,-1,-1,-1,924.45416,504.912,1085.5156,498.80258,923.6728,634.6628,950.96533,750.9362,1077.6033,747.543
346,-1,879.741,247.96802,1332.1848,913.96466,0.999951,-1,-1,-1,917.7502,504.18454,1078.3197,501.80246,918.1243,640.89484,947.5385,749.697,1072.1902,750.4443
347,-1,874.0743,260.25122,1335.6088,914.5069,0.9999584,-1,-1,-1,920.4636,508.24664,1082.9414,505.66867,917.77673,640.29333,942.9541,748.8049,1072.566,748.0972
348,-1,874.391,266.6708,1332.6174,905.5702,0.9999571,-1,-1,-1,917.26984,500.588,1076.3137,502.8703,913.30347,635.69055,941.55566,740.4956,1069.3567,744.8751
349,-1,874.8219,252.83449,1329.868,898.8959,0.99995387,-1,-1,-1,916.16437,496.9185,1071.7007,494.05948,907.2352,626.1327,941.8832,742.01886,1053.9478,741.6354
350,-1,875.44,254.03839,1331.227,905.0526,0.9999509,-1,-1,-1,914.98865,500.55652,1076.7142,502.27618,912.8,632.9396,942.3586,743.1832,1061.4614,747.68994
351,-1,873.8544,261.2476,1327.3379,911.7874,0.99995124,-1,-1,-1,922.5322,516.60724,1088.0101,519.6511,922.744,648.18866,944.6063,758.733,1065.6536,761.3517
352,-1,875.91864,280.2907,1331.6005,922.39685,0.9999645,-1,-1,-1,924.6226,525.7713,1098.3962,531.8677,932.795,662.60425,950.103,770.64685,1074.9077,777.04834
353,-1,876.0552,281.11508,1335.3323,936.24805,0.9999627,-1,-1,-1,926.45325,539.5497,1101.607,543.1299,936.21216,674.91626,952.9225,784.8443,1079.6967,788.0364
354,-1,889.29877,293.19583,1340.3812,944.68353,0.99995744,-1,-1,-1,932.1096,553.3374,1094.2335,552.28046,939.47943,684.41455,960.07574,784.83026,1086.4159,785.836
355,-1,883.52075,310.31827,1347.5883,951.6702,0.9999671,-1,-1,-1,932.9717,568.69836,1097.4406,559.4013,942.7392,690.8366,968.2842,798.75745,1093.2942,792.22723
356,-1,885.0261,323.5037,1331.2129,967.5489,0.9999622,-1,-1,-1,931.6386,579.4327,1104.9114,579.31757,954.40234,715.29224,962.1888,808.2582,1098.9192,809.9238
357,-1,884.87823,324.2028,1330.6011,967.1463,0.9999616,-1,-1,-1,931.421,579.32404,1104.7202,579.1984,954.234,714.9727,961.73596,807.81683,1098.6901,809.4876
358,-1,898.9222,325.7608,1339.365,961.1186,0.99996364,-1,-1,-1,931.96954,582.1315,1099.1676,574.898,949.08057,714.09644,970.3317,810.82306,1101.2015,806.835
359,-1,879.5981,320.0149,1329.7838,965.76196,0.99996674,-1,-1,-1,931.3605,581.2281,1108.1315,583.3179,957.94415,720.5133,968.9227,813.03906,1103.9109,815.20746
360,-1,881.2063,331.29926,1332.6622,983.74927,0.9999598,-1,-1,-1,928.4017,598.59155,1111.5088,591.9421,964.4717,729.2373,963.6105,824.262,1112.5535,820.0324
361,-1,884.98834,337.3579,1337.8342,974.4002,0.99996126,-1,-1,-1,932.20685,596.6015,1111.3911,593.59625,964.09674,730.0288,969.3439,817.61444,1114.8845,816.7293
362,-1,883.0745,336.18347,1334.0525,984.2807,0.9999602,-1,-1,-1,929.32263,601.5296,1111.8777,593.8254,964.7126,732.5771,965.0919,826.85364,1113.2981,821.684
363,-1,882.4598,340.06436,1335.2137,974.0306,0.99995756,-1,-1,-1,928.82104,596.4669,1106.233,591.41785,961.2101,728.8898,967.39325,818.72656,1110.6744,816.1117
364,-1,880.62006,329.2746,1329.1241,983.4197,0.99995124,-1,-1,-1,923.5339,595.6112,1100.9884,588.16174,954.8389,726.4964,959.5265,824.9899,1102.4559,820.4955
365,-1,879.3842,332.8253,1328.6859,980.44165,0.99994206,-1,-1,-1,921.66595,595.88153,1096.6774,586.0817,950.7967,722.87054,960.1112,824.6857,1099.8182,818.1688
366,-1,879.3499,332.734,1328.8171,980.40857,0.9999428,-1,-1,-1,921.66565,595.87427,1096.6652,586.0821,950.7473,722.8712,960.1113,824.6699,1099.8185,818.15607
367,-1,871.67236,322.01532,1320.2532,974.62445,0.9999572,-1,-1,-1,921.60297,585.21655,1090.5745,579.61505,941.5189,724.2762,959.7743,821.44025,1091.4673,816.789
368,-1,867.9271,321.15933,1314.8281,975.6759,0.9999565,-1,-1,-1,916.7685,581.34106,1085.0823,577.79803,936.0489,722.1167,954.71326,820.4623,1084.3245,817.87164
369,-1,869.78046,322.02463,1313.608,970.5924,0.9999467,-1,-1,-1,912.9176,580.69836,1078.163,578.38983,927.413,722.3336,951.41785,820.63135,1074.8967,819.6549
370,-1,878.46106,325.84628,1320.0968,966.4504,0.9999378,-1,-1,-1,912.06903,581.23926,1072.054,575.672,920.5143,715.3256,951.47815,819.9727,1068.2346,817.05347
371,-1,879.71454,326.8967,1322.8062,963.7923,0.9999391,-1,-1,-1,913.1169,581.93567,1075.4954,574.54724,923.9863,712.8028,952.39996,819.0889,1070.7994,814.89496
372,-1,871.83484,318.4339,1318.0723,967.4988,0.9999571,-1,-1,-1,917.07874,576.4952,1084.3193,571.0325,931.8449,715.6837,954.4478,817.0863,1080.5151,813.3022
373,-1,873.2882,314.495,1324.7634,969.71924,0.9999478,-1,-1,-1,922.59467,576.71814,1091.9414,567.65485,942.21814,718.2334,962.7374,817.1448,1094.5758,810.2576
374,-1,880.1048,323.7326,1335.4427,972.3435,0.99995947,-1,-1,-1,922.3758,582.525,1094.6509,572.30115,948.18835,717.712,965.48584,817.30817,1100.4741,810.4416
375,-1,882.0793,322.4572,1335.3396,969.03766,0.99994767,-1,-1,-1,925.00464,583.4787,1098.9475,571.8127,953.09875,715.91,967.3972,815.3063,1103.9373,807.4972
376,-1,881.8745,321.29495,1338.3075,970.44434,0.9999541,-1,-1,-1,926.85864,581.4012,1101.5255,570.5777,955.6753,716.31366,970.8749,815.89417,1107.1272,809.00195
377,-1,882.2497,318.941,1340.2964,968.76855,0.999961,-1,-1,-1,928.5357,580.6991,1104.058,570.4305,957.1038,713.0592,971.67676,814.82025,1107.2112,808.4311
378,-1,881.72736,316.86993,1340.4479,968.0577,0.99995744,-1,-1,-1,928.41516,580.11615,1107.9635,569.46954,959.7885,710.34485,970.0805,813.4232,1108.5693,806.79834
379,-1,886.5536,314.54865,1341.0784,957.671,0.9999604,-1,-1,-1,935.1719,574.8039,1113.5828,567.62244,962.84454,703.60626,969.6342,803.1725,1109.0663,799.1212
380,-1,886.47455,314.3918,1341.044,957.74207,0.99996066,-1,-1,-1,935.1613,574.6026,1113.5913,567.6337,962.9285,703.6459,969.69336,803.21814,1108.9364,799.3737
381,-1,888.81683,314.65366,1336.7482,952.142,0.99995387,-1,-1,-1,936.5545,571.5939,1116.285,570.6689,965.19104,702.6425,968.3996,798.74646,1107.5432,799.4797
382,-1,888.48425,310.55392,1336.2229,945.26227,0.9999565,-1,-1,-1,935.73315,570.8876,1117.1072,571.7617,966.3803,703.86426,969.84534,796.003,1108.687,798.1276
383,-1,894.17,316.2395,1338.5094,954.6722,0.9999664,-1,-1,-1,940.64575,564.9326,1115.6932,566.467,969.2548,701.5617,977.38745,794.561,1115.2789,798.1045
384,-1,892.5977,310.1485,1342.5522,952.89825,0.9999666,-1,-1,-1,941.60223,560.2074,1113.915,560.67456,969.3728,695.89996,980.431,791.16974,1117.0425,794.4398
385,-1,892.77374,310.46967,1342.0441,953.03687,0.99996626,-1,-1,-1,941.7291,560.43463,1113.9998,560.65216,969.63776,695.8823,980.53186,791.392,1117.0424,794.4374
386,-1,893.13696,300.98117,1331.2974,938.5492,0.99996567,-1,-1,-1,936.6742,556.6685,1114.6877,555.20575,967.4231,691.35114,975.94037,788.3422,1112.5735,788.2217
387,-1,890.97394,275.9655,1336.4657,926.2991,0.9999745,-1,-1,-1,938.00214,540.768,1112.2413,540.41785,964.9916,670.32574,973.8862,766.73505,1112.9209,767.577
388,-1,890.47943,279.48312,1334.8606,918.0816,0.9999691,-1,-1,-1,940.0056,529.6552,1107.0349,533.1529,960.6422,661.7103,970.2578,756.0435,1104.0092,760.84644
389,-1,889.4506,265.2802,1339.7992,903.4502,0.9999634,-1,-1,-1,935.5867,530.7545,1096.5574,520.76953,950.3539,650.90173,975.9515,755.5816,1095.4893,748.6518
390,-1,889.8921,265.57257,1340.36,903.6012,0.9999629,-1,-1,-1,935.6515,530.93726,1096.3915,520.9123,950.00415,651.3686,976.2047,755.7133,1095.6511,748.813
391,-1,883.1836,250.75024,1327.6476,896.00555,0.99997544,-1,-1,-1,933.2169,504.54373,1104.5222,504.77432,946.21436,631.79224,955.7826,737.09106,1086.92,737.48047
392,-1,894.6549,241.46045,1338.3446,891.58264,0.9999652,-1,-1,-1,945.68,496.14957,1110.0398,497.49927,954.7243,621.373,967.02405,728.10144,1095.8402,730.437
393,-1,905.32007,240.73106,1342.7733,892.09973,0.9999589,-1,-1,-1,957.3517,502.13004,1119.5486,492.00714,972.1081,609.2766,986.38617,732.17957,1112.4775,724.4306
394,-1,909.34705,227.13054,1362.7004,887.5011,0.99997234,-1,-1,-1,967.8208,495.92432,1140.8313,484.60562,997.1678,609.7876,1002.0542,727.6508,1135.2806,719.7273
395,-1,917.65405,235.8552,1365.167,891.1819,0.9999722,-1,-1,-1,973.0626,498.01135,1145.4602,485.3302,1005.15643,615.3957,1010.97644,732.0466,1144.3392,722.9616
396,-1,925.75854,238.75204,1366.758,898.7524,0.9999714,-1,-1,-1,976.21387,508.28015,1143.9662,500.35648,997.15344,627.6486,1007.192,740.422,1139.1351,734.4239
397,-1,915.69855,253.62357,1361.6167,901.03485,0.9999654,-1,-1,-1,960.1763,515.2699,1126.61,516.1611,976.01074,640.27094,992.05664,748.2415,1117.8772,750.7081
398,-1,899.84064,253.50568,1357.9559,900.71216,0.99997365,-1,-1,-1,948.85175,534.4851,1111.0458,525.75104,960.1112,642.96234,983.9367,755.22345,1103.0868,748.2978
399,-1,909.69073,263.0629,1355.2585,899.08417,0.9999685,-1,-1,-1,952.3867,522.4421,1100.6044,518.31195,949.1962,644.8664,987.1852,755.0924,1088.9309,752.4675
400,-1,908.2701,253.95702,1357.6019,896.1639,0.9999714,-1,-1,-1,951.1845,517.88226,1100.6221,511.86145,948.48206,640.044,986.2928,752.21967,1088.4482,748.0634
401,-1,913.153,256.81744,1364.1614,888.51746,0.99996555,-1,-1,-1,952.3274,514.3223,1106.1912,504.15076,952.84894,636.36743,989.9138,748.27094,1098.457,741.55194
402,-1,913.4365,250.00986,1357.7362,893.2369,0.9999585,-1,-1,-1,956.7692,505.44788,1110.2308,504.107,953.7502,632.55164,984.61017,738.9426,1099.9537,739.2334
403,-1,896.4303,221.57048,1362.6732,883.0088,0.99995327,-1,-1,-1,943.26025,508.40808,1118.2489,503.6676,961.81433,631.2187,979.9546,736.95685,1109.2736,734.42804
404,-1,896.419,221.41988,1362.9208,882.7401,0.9999517,-1,-1,-1,943.1338,507.93365,1118.2812,503.53857,961.4866,631.22424,979.6616,736.5661,1109.2168,734.2807
405,-1,899.0693,228.42169,1371.5408,890.8511,0.99995327,-1,-1,-1,945.4074,508.14612,1120.2073,499.91367,961.33276,628.01184,983.7263,743.0398,1112.0188,737.3698
406,-1,907.408,244.26538,1381.5922,896.1644,0.99996257,-1,-1,-1,950.3173,512.7943,1122.6279,500.96008,965.0439,637.44037,994.13245,750.18616,1118.8595,741.3445
407,-1,921.44214,284.97894,1394.5988,913.614,0.9999546,-1,-1,-1,964.0852,536.7187,1125.0442,507.5506,984.7737,657.19794,1027.5874,770.96075,1149.5161,749.94183
408,-1,924.12714,289.42764,1403.8717,919.6216,0.9999578,-1,-1,-1,968.3773,544.4535,1128.9846,511.33008,993.6405,667.46606,1038.7415,773.8979,1169.0225,748.8208
409,-1,917.502,265.36612,1402.1475,914.3409,0.99995816,-1,-1,-1,967.7765,538.72864,1132.4248,511.84308,989.24274,661.98566,1024.0696,765.25116,1157.0872,743.94775
410,-1,938.7825,272.12524,1416.5204,932.09796,0.9999554,-1,-1,-1,979.2603,544.83264,1142.2128,518.63873,994.93274,679.92145,1035.3541,781.3122,1165.5514,760.7332
411,-1,942.7664,292.1312,1433.5398,947.39185,0.9999603,-1,-1,-1,985.28503,571.0207,1154.5675,542.7124,1006.6566,701.4498,1049.9414,802.00323,1187.9244,778.57104
412,-1,957.6948,294.442,1440.9904,955.95337,0.99994254,-1,-1,-1,999.07355,571.4648,1157.6455,544.9919,1008.5045,706.57544,1062.0974,811.1919,1185.5747,789.31793
413,-1,979.38666,298.69455,1445.5413,964.2317,0.99994516,-1,-1,-1,1018.2114,568.5766,1161.53,549.27594,1010.55383,700.81396,1070.8528,817.7337,1175.9321,802.68634
414,-1,976.4637,312.95688,1453.0398,964.1583,0.9999443,-1,-1,-1,1019.24243,568.01794,1162.3307,551.43463,1012.01544,701.2902,1072.7719,812.00726,1179.4178,798.665
415,-1,974.12427,281.3192,1479.3551,956.94507,0.99995065,-1,-1,-1,1021.50183,556.3712,1185.0728,532.35187,1018.6748,683.90204,1069.6902,807.9192,1189.804,788.86115
416,-1,986.14014,282.76172,1490.4241,967.2235,0.9999386,-1,-1,-1,1034.2681,557.5429,1190.3337,534.88556,1025.4347,693.34357,1083.5259,813.363,1198.9852,795.7355
417,-1,1009.6852,314.86374,1490.2684,975.6001,0.9999362,-1,-1,-1,1044.3326,565.49945,1200.7479,557.5122,1034.05,708.7368,1087.6055,819.11096,1205.0226,813.9417
418,-1,1007.0934,327.46295,1487.7382,990.1494,0.9999324,-1,-1,-1,1046.6827,584.9385,1199.5887,569.9496,1034.0999,724.5641,1090.6565,836.58234,1207.0195,825.1231
419,-1,1000.929,349.69934,1480.9467,1009.2707,0.99994075,-1,-1,-1,1037.6156,612.8662,1195.5839,595.00555,1031.0903,743.05804,1082.4327,857.34314,1203.3885,843.4468
420,-1,984.2658,357.3989,1472.3152,1025.5582,0.9999428,-1,-1,-1,1031.3206,620.3076,1186.5793,607.9416,1021.53375,750.594,1068.6582,862.8165,1190.6589,854.4313
421,-1,966.4231,357.35303,1467.1202,1026.8287,0.9999461,-1,-1,-1,1020.3582,619.7833,1186.3557,611.5025,1018.0579,743.73157,1051.2065,857.78394,1182.3757,853.12384
422,-1,956.0649,343.7511,1458.0887,1017.1202,0.9999498,-1,-1,-1,1009.02515,605.97754,1186.1204,603.18335,1013.47046,736.09143,1037.2114,846.3012,1176.8423,846.6244
423,-1,967.27594,336.21033,1433.7797,1003.73096,0.9999472,-1,-1,-1,1001.98755,588.651,1171.5642,597.10345,995.805,726.76825,1022.0469,833.95386,1153.2732,843.8129
424,-1,942.43207,321.34058,1420.2515,991.50024,0.99995923,-1,-1,-1,986.3523,574.02704,1153.2009,581.80505,978.699,708.8527,1005.8419,820.5979,1132.1774,830.14685
425,-1,912.11725,289.1206,1389.0099,986.4811,0.9999504,-1,-1,-1,959.49994,553.19336,1133.4922,574.4646,954.4862,698.9979,968.58044,799.5436,1106.0546,821.02765
426,-1,892.1686,290.23383,1357.8552,966.89044,0.9999548,-1,-1,-1,935.8205,540.1047,1107.316,559.0316,931.94653,687.64056,948.7612,786.0505,1081.8844,805.5944
427,-1,825.2148,270.2283,1311.9797,957.8769,0.999959,-1,-1,-1,873.1614,523.26373,1050.0387,540.70044,869.63446,671.26434,892.2547,778.267,1024.0033,795.77905
428,-1,825.0328,269.69348,1312.4148,958.7353,0.99995875,-1,-1,-1,873.3397,522.5354,1050.347,540.7249,869.5061,671.25146,892.09235,778.3488,1023.79645,796.4806
