1080,1920
0,-1,270.71878,199.06084,764.87103,840.523,0.999948,-1,-1,-1,332.1437,477.97223,529.64746,432.1348,401.2732,581.3417,404.13345,691.85065,577.19354,654.55707
1,-1,295.17563,198.92911,793.4253,837.9605,0.99993277,-1,-1,-1,363.5716,472.9256,567.1016,428.96814,439.3553,577.83997,429.9592,685.4825,609.7888,650.0837
2,-1,326.15097,195.0607,815.4735,841.7365,0.99994946,-1,-1,-1,401.8714,467.264,602.2059,429.88794,473.70493,567.3786,456.4649,678.7029,634.0746,648.88055
3,-1,358.8855,192.74568,827.67175,831.2408,0.99995387,-1,-1,-1,439.25977,458.90012,642.47253,431.28973,518.0052,566.5323,483.28394,671.95245,662.95715,649.8031
4,-1,389.44394,194.12096,840.94574,826.6487,0.99994385,-1,-1,-1,478.48676,450.45322,683.22876,432.35376,563.3976,563.38995,509.56027,666.1179,690.5747,651.376
5,-1,420.36414,208.4153,863.7401,828.39496,0.9999362,-1,-1,-1,512.9068,447.65668,720.0952,437.67792,606.34656,563.7504,538.7671,662.3026,726.09125,653.27985
6,-1,445.0777,205.04414,888.93835,825.6203,0.9999449,-1,-1,-1,540.69336,441.222,759.0455,435.42242,644.70807,568.5979,564.1002,660.59814,757.7086,653.9195
7,-1,469.50687,179.73152,905.7292,819.85034,0.99995303,-1,-1,-1,571.9806,439.7866,783.8976,433.45505,673.01355,566.7383,591.35345,654.3088,774.66144,649.6109
8,-1,495.36816,212.07169,936.32306,831.67737,0.9999548,-1,-1,-1,596.19666,436.10138,812.5591,436.03467,700.1922,577.4611,619.5162,663.7766,802.71716,660.6872
9,-1,507.07248,209.17986,936.57574,826.8911,0.9999598,-1,-1,-1,614.9687,435.92578,828.80145,434.61176,723.7651,575.4678,632.5406,663.74396,813.16003,661.00574
10,-1,519.8717,207.6819,950.8802,828.10785,0.99995995,-1,-1,-1,629.928,433.63806,842.2561,437.9541,736.78906,580.94055,643.99744,663.5894,822.47644,665.07245
11,-1,519.25073,190.55028,951.9193,817.59656,0.99995375,-1,-1,-1,636.4878,437.2211,845.85693,436.9202,745.4874,572.8342,654.2251,656.22064,829.46185,655.83954
12,-1,524.0196,192.43379,952.6451,816.24774,0.9999541,-1,-1,-1,641.90704,435.69397,849.95306,435.71317,751.3014,572.40533,657.47687,653.626,833.6573,653.8042
13,-1,535.6579,210.12083,952.51855,821.7675,0.99995065,-1,-1,-1,648.682,431.40277,858.53613,437.57666,757.2097,576.08844,654.5238,656.9377,834.46606,660.60406
14,-1,539.62256,207.27667,962.17896,821.19446,0.9999572,-1,-1,-1,650.7317,427.9267,861.6297,436.10992,755.83624,570.9197,657.49744,653.7687,836.9843,658.9562
15,-1,543.42755,208.76906,969.5581,819.663,0.99995935,-1,-1,-1,653.61743,423.0035,866.73096,432.96793,757.97504,566.5899,659.4181,650.2854,840.94806,656.7879
16,-1,546.14435,197.26051,974.1669,820.11365,0.99997246,-1,-1,-1,656.06964,421.96872,867.00305,431.2375,758.5179,561.98,663.1627,648.3072,841.3528,654.10785
17,-1,546.04736,187.4925,982.4979,819.89813,0.9999759,-1,-1,-1,656.05756,420.30942,867.8935,428.72028,756.1183,559.0183,665.22473,649.16797,840.31494,654.18475
18,-1,538.71326,176.84381,981.681,813.454,0.99997544,-1,-1,-1,656.19495,419.7084,866.18854,425.237,757.6143,555.18475,667.5103,648.57965,838.20844,652.69745
19,-1,540.5664,177.96043,981.79974,812.91846,0.99997294,-1,-1,-1,655.80316,415.8421,865.5192,423.4347,755.48047,554.5975,667.42346,647.40894,835.87994,653.21606
20,-1,539.8039,178.31181,978.524,812.1602,0.9999697,-1,-1,-1,654.3521,413.37253,862.6945,422.16647,753.143,553.0469,665.32056,645.28296,832.6353,652.00366
21,-1,538.14636,174.98813,976.9298,811.6606,0.99997056,-1,-1,-1,652.2181,412.19977,861.4593,419.61774,751.93365,550.6755,664.77216,645.39886,831.61176,650.84406
22,-1,536.2269,169.25768,975.9534,809.72125,0.9999784,-1,-1,-1,650.54126,410.85336,860.49835,416.22684,752.14264,548.9361,665.7325,645.6298,831.18506,648.9996
23,-1,535.5658,171.00987,973.19995,810.47107,0.999977,-1,-1,-1,649.322,409.10248,859.39185,414.40448,751.507,547.5875,665.94403,646.30005,830.1754,649.57874
24,-1,534.3931,172.19463,969.87134,811.6512,0.99997354,-1,-1,-1,648.58203,407.63638,858.4146,413.1301,751.53235,547.3632,665.1757,646.6908,828.71216,650.1435
25,-1,533.86285,174.86969,967.13434,813.0774,0.9999709,-1,-1,-1,647.87823,406.48145,857.667,412.65045,751.05536,547.6006,664.4229,647.4734,827.2224,651.57916
26,-1,532.5485,173.44443,964.12744,812.67676,0.9999678,-1,-1,-1,646.15875,407.03745,855.6336,412.40518,749.873,547.2379,663.5399,647.9958,825.779,651.47546
27,-1,531.3385,172.40407,961.4337,812.6916,0.99996614,-1,-1,-1,644.6719,407.26465,853.87054,412.33942,748.3629,547.43536,662.09906,648.53723,823.9789,651.8465
28,-1,528.67096,159.6906,959.86237,806.2094,0.9999646,-1,-1,-1,644.2538,406.74533,850.3157,411.76715,745.6948,547.7717,659.94055,643.2107,820.2161,647.82336
29,-1,526.753,159.65451,959.63074,808.4052,0.99996626,-1,-1,-1,642.52875,407.7266,848.67773,412.7934,743.73755,547.0992,658.3217,644.3751,818.4085,649.0826
30,-1,524.91846,158.37915,959.26886,809.439,0.9999682,-1,-1,-1,640.7743,409.51468,847.82904,414.4336,742.4828,547.5964,656.2193,645.029,817.9045,649.6203
31,-1,523.35474,149.22833,957.6606,794.0871,0.9999665,-1,-1,-1,640.46704,410.53876,845.40845,416.4184,739.7708,544.5942,654.556,632.5652,821.3201,638.02454
32,-1,520.26245,158.10506,956.24896,808.11334,0.9999683,-1,-1,-1,637.25055,411.5388,844.8,417.30136,739.07764,545.65826,651.34045,643.4021,815.15735,648.9958
33,-1,519.83405,157.68364,955.7506,807.77277,0.9999707,-1,-1,-1,635.44165,411.55893,843.4235,416.99997,737.2975,546.2525,649.96094,643.01874,815.3145,648.26337
34,-1,519.96313,160.45164,955.0391,808.7343,0.9999701,-1,-1,-1,634.7732,412.5589,842.566,416.94217,736.7558,545.53546,649.62823,643.04126,815.87885,647.32056
35,-1,518.0207,162.36272,953.5673,805.6308,0.99996924,-1,-1,-1,633.51715,412.9403,842.30676,415.75665,737.7672,545.02576,649.55994,641.7057,817.1655,644.46045
36,-1,516.83234,152.84784,955.864,794.77344,0.9999713,-1,-1,-1,635.0254,412.1693,842.17645,414.89478,736.9364,543.9436,649.5444,631.5814,821.51996,633.8284
37,-1,516.249,150.7626,955.4792,794.0437,0.99997175,-1,-1,-1,634.71216,411.1878,842.2207,413.96155,737.0319,543.5489,649.1133,630.29126,822.215,632.6169
38,-1,516.06256,148.67653,952.3011,795.2309,0.9999702,-1,-1,-1,633.2684,409.95493,840.9301,413.1546,735.9219,542.8128,647.26746,629.63544,821.80676,632.375
39,-1,514.44836,147.50835,950.54663,794.8179,0.999969,-1,-1,-1,631.81696,409.73563,839.9393,412.14053,735.4912,541.63184,646.1303,628.8417,821.56464,630.8844
40,-1,514.85535,148.29367,951.11426,794.5926,0.99996936,-1,-1,-1,630.3484,408.7834,839.36615,411.36725,733.38293,540.55774,644.3715,627.375,821.8916,629.577
41,-1,515.80023,148.71175,949.8114,793.67706,0.9999701,-1,-1,-1,629.105,407.9375,838.5139,410.9384,731.70276,539.018,642.28784,626.0014,821.09204,628.55084
42,-1,520.37445,168.9325,960.7901,800.9433,0.9999672,-1,-1,-1,626.8066,406.57346,838.97595,410.89963,727.3461,545.0868,645.50305,638.6687,816.276,640.6818
43,-1,520.3056,169.08223,960.0563,801.3684,0.99996734,-1,-1,-1,626.3659,406.6423,838.4234,410.9365,726.7086,546.0501,644.9321,638.9362,815.63806,640.97284
44,-1,518.8521,170.8671,959.88525,801.5604,0.9999683,-1,-1,-1,625.2921,406.94684,838.09625,410.54898,726.3284,546.4294,644.48553,639.54816,815.36005,640.94586
45,-1,518.4812,166.68849,959.67725,801.9805,0.99997044,-1,-1,-1,625.3003,407.16296,837.48474,410.44434,726.4706,546.2775,644.67285,639.4812,815.5256,640.6412
46,-1,518.3551,165.46881,959.6986,801.7887,0.9999695,-1,-1,-1,625.41016,407.00226,837.3335,410.0727,726.53,546.017,645.11395,639.6371,815.4726,640.62164
47,-1,519.10834,165.46571,959.8862,802.0242,0.9999682,-1,-1,-1,625.35486,406.6514,837.48956,409.70575,726.5149,545.6586,645.5298,639.63965,816.15625,640.5873
48,-1,519.4309,166.69557,960.2424,802.9859,0.9999665,-1,-1,-1,625.7206,406.58728,837.96533,409.5944,727.01544,545.16205,646.07965,640.0977,816.52374,641.0129
49,-1,520.7881,166.6368,961.1627,803.088,0.9999666,-1,-1,-1,626.4069,407.09802,838.40814,409.85077,727.38446,545.7731,646.6127,640.1308,817.29767,640.87494
50,-1,521.4255,166.49219,960.957,802.7658,0.999967,-1,-1,-1,626.9075,407.0956,838.49805,410.37152,727.4724,546.72644,646.8693,640.5106,816.4623,641.7298
51,-1,522.0168,166.83948,961.7054,802.937,0.9999651,-1,-1,-1,627.0719,406.99905,839.1218,410.30322,727.7825,547.0341,647.85077,641.44806,817.0754,642.71075
52,-1,516.0703,153.94395,953.22107,801.5583,0.99996495,-1,-1,-1,627.23975,409.88846,838.26874,410.56793,731.38055,544.03955,646.8973,637.8568,819.1555,638.91205
53,-1,515.7248,150.0978,954.65015,802.7288,0.9999671,-1,-1,-1,628.7331,411.14145,839.6783,411.3411,733.56995,545.2266,648.08984,639.30493,820.6632,639.854
54,-1,517.46936,151.52147,956.15875,802.6607,0.9999676,-1,-1,-1,630.55066,411.68854,841.0463,411.17026,735.54285,545.55023,650.27496,639.49603,822.3973,639.41345
55,-1,519.60297,151.21643,957.18567,801.76013,0.9999633,-1,-1,-1,630.5095,411.0536,841.4898,409.96884,735.2494,545.57837,650.56104,638.50757,823.83057,637.8685
56,-1,518.977,152.4027,956.39453,804.5354,0.9999621,-1,-1,-1,626.8874,409.49402,838.50903,407.73404,730.69977,543.3437,647.82886,638.2442,823.0464,637.1897
57,-1,523.32007,164.94614,970.5615,808.81006,0.99995637,-1,-1,-1,622.7097,408.36206,837.59503,409.65765,719.77893,543.67645,644.5607,641.5779,819.293,641.59607
58,-1,520.9352,151.06792,960.14716,796.49866,0.99995995,-1,-1,-1,624.1896,405.9897,836.8328,407.78046,721.41113,540.5062,638.4454,625.007,822.6536,626.903
59,-1,524.72076,148.27069,964.9509,796.83923,0.9999602,-1,-1,-1,628.7133,403.96008,839.44556,410.4243,720.8922,540.8299,638.89465,622.92365,821.55145,629.127
60,-1,529.5694,144.62321,976.3321,800.8785,0.99995613,-1,-1,-1,638.28235,406.48608,847.2817,413.65198,728.6812,541.13,645.9024,625.54584,826.8583,632.6669
61,-1,537.31433,154.69627,978.953,799.971,0.9999627,-1,-1,-1,646.1267,402.4494,857.5339,408.9173,743.6156,542.7468,657.7047,628.6992,835.4275,634.6463
62,-1,550.9978,164.47302,994.0971,805.2471,0.99996114,-1,-1,-1,659.2802,401.73856,870.3041,414.90646,752.39185,543.26697,664.50824,629.95966,841.9749,640.26495
63,-1,552.7389,139.97594,993.143,793.37024,0.99996924,-1,-1,-1,666.5982,400.20718,875.1795,410.85782,762.51404,539.3265,670.69775,619.1413,851.396,628.223
64,-1,558.83685,143.42839,998.36346,788.56647,0.99996865,-1,-1,-1,674.70435,397.97275,882.5316,410.5314,769.8015,538.5097,676.3664,616.6497,854.64215,627.71246
65,-1,562.15,158.21915,1003.1693,795.6209,0.9999713,-1,-1,-1,679.83405,395.39578,889.62775,411.3692,776.51666,536.67114,678.89813,618.25256,858.8879,632.4758
66,-1,564.23663,162.04668,1006.62415,792.9522,0.99996984,-1,-1,-1,682.36865,393.1882,890.68207,412.04144,775.27655,535.367,679.3971,615.9717,856.4614,632.5081
67,-1,566.63245,161.00554,1006.457,788.5385,0.9999652,-1,-1,-1,683.52216,391.25604,891.4657,412.59924,774.74805,533.4452,677.7194,612.8391,855.2719,631.48975
68,-1,565.98413,162.67667,1004.3961,786.3047,0.99996865,-1,-1,-1,683.2562,389.54916,889.4942,413.0309,772.87036,534.2734,676.7695,610.46106,852.3908,631.0263
69,-1,569.3281,163.19731,1006.75195,783.23334,0.99996626,-1,-1,-1,684.47125,388.96982,889.4074,413.96863,769.4683,533.575,675.8573,608.5946,849.61487,630.6812
70,-1,571.45,164.51663,1009.01434,782.3457,0.99996483,-1,-1,-1,686.7613,387.24142,891.71027,414.62143,770.3563,534.1588,676.3793,608.0144,849.09894,632.1696
71,-1,578.9834,146.36302,1011.70465,782.95764,0.9999633,-1,-1,-1,686.947,387.10403,893.25433,418.06647,766.8706,536.6383,674.0134,605.9055,852.2861,633.43665
72,-1,579.69165,167.00443,1023.2823,788.5424,0.99996626,-1,-1,-1,693.87354,387.37112,897.73334,417.92236,771.58514,532.9771,679.6857,607.9459,853.11346,634.7774
73,-1,585.52466,152.74951,1019.83374,787.9083,0.9999608,-1,-1,-1,697.6825,385.32736,898.78485,422.2232,773.1247,538.48236,679.0219,603.8627,854.4076,636.4947
74,-1,590.1958,153.3055,1024.0411,786.287,0.9999659,-1,-1,-1,703.6228,384.53934,902.795,424.3214,777.00073,538.3888,683.9669,603.6113,856.2681,638.9126
75,-1,594.0476,155.65338,1028.572,788.8937,0.99996936,-1,-1,-1,709.7174,382.14285,906.41797,426.0411,779.67456,539.2052,686.5305,604.2524,855.0056,643.2933
76,-1,600.17664,150.69388,1033.8647,790.3898,0.9999713,-1,-1,-1,716.4926,382.27148,915.8084,429.08902,787.85443,537.05334,690.3865,602.24786,862.2383,643.73584
77,-1,604.01514,151.85443,1038.3206,790.8622,0.9999685,-1,-1,-1,720.4816,380.12357,919.34827,428.99045,790.53564,536.78345,693.70325,601.9756,864.59424,645.4016
78,-1,606.26184,150.64522,1045.4514,792.0597,0.99996984,-1,-1,-1,725.1166,377.44104,923.9263,428.42603,794.116,535.5927,696.32764,600.5147,867.09735,645.687
79,-1,609.32776,151.10806,1047.5094,791.31946,0.9999714,-1,-1,-1,729.6821,376.41357,925.0453,429.0439,796.6994,533.4863,699.0616,599.4867,866.54376,646.1818
80,-1,612.6228,154.6515,1047.1401,790.6025,0.9999672,-1,-1,-1,734.07,373.97922,927.019,428.68845,799.365,531.93066,701.56854,598.0015,866.59827,646.5878
81,-1,614.8006,157.96501,1049.8444,790.6263,0.9999653,-1,-1,-1,736.7335,373.61816,929.25665,429.4526,800.6381,530.3148,702.75555,596.76135,868.2522,646.32935
82,-1,617.46954,154.74635,1048.9335,787.06256,0.99996865,-1,-1,-1,739.0902,376.6868,930.9685,431.74008,802.9737,529.97455,705.85095,596.94653,870.66284,646.31274
83,-1,622.5459,153.53366,1047.6447,783.871,0.9999602,-1,-1,-1,741.2693,377.07812,932.34216,431.82635,804.49005,530.03564,709.024,595.41187,873.41583,644.6426
84,-1,624.73804,155.42859,1049.0762,785.3219,0.99995494,-1,-1,-1,743.46655,373.70038,934.1549,431.35178,804.3872,529.1205,708.8562,595.3893,871.42053,647.0165
85,-1,626.54285,156.30045,1048.2916,785.2121,0.99995327,-1,-1,-1,745.67816,372.93066,935.43054,431.82254,805.3111,528.016,709.2943,595.8879,869.8527,648.6482
86,-1,626.3136,157.84238,1050.103,786.13873,0.99995196,-1,-1,-1,747.2311,371.7085,936.36163,431.44168,806.1529,527.22424,709.3181,595.7962,869.09784,649.37067
87,-1,624.64246,157.51047,1054.414,787.6861,0.9999529,-1,-1,-1,747.76276,371.29874,937.4128,432.4878,805.9282,528.2104,708.9844,595.79065,869.0166,650.4948
88,-1,622.75494,160.10953,1056.5974,787.9721,0.9999598,-1,-1,-1,746.98773,371.14963,937.4302,432.63727,805.4729,530.30725,708.1737,597.4864,866.2027,652.15875
89,-1,620.70026,164.06287,1055.0077,788.5506,0.9999583,-1,-1,-1,745.86005,373.17358,935.7715,432.60693,805.0399,531.22107,706.9528,597.89374,865.4254,650.5761
90,-1,620.5439,165.02084,1053.8318,787.82983,0.9999584,-1,-1,-1,744.86096,371.58475,934.89026,432.12122,803.0187,531.67303,705.19763,597.47644,862.7133,650.9577
91,-1,617.64874,163.46292,1051.1666,787.23846,0.9999645,-1,-1,-1,743.0555,372.6875,932.1846,431.98407,802.4236,531.2324,705.3843,597.3588,862.6566,649.85394
92,-1,615.5819,164.19789,1049.1719,787.3094,0.99995923,-1,-1,-1,740.1031,373.0722,929.9015,430.53564,801.18195,532.01855,704.1915,596.5999,863.19507,647.3367
93,-1,615.97546,165.01402,1047.5576,785.9896,0.9999542,-1,-1,-1,737.5731,372.018,928.35596,429.9178,798.5254,530.52515,701.23444,595.12756,862.06805,646.14575
94,-1,614.38995,159.86273,1047.748,783.2823,0.9999554,-1,-1,-1,735.4784,372.01688,926.49866,428.73096,797.29535,527.66284,700.06226,590.6191,864.7952,640.7953
95,-1,614.91644,157.25208,1045.2004,775.4018,0.99995446,-1,-1,-1,731.9079,370.58612,923.80585,423.43927,796.39624,527.1361,701.529,585.2821,869.56537,632.2335
96,-1,609.0001,167.3205,1043.8782,773.4775,0.9999627,-1,-1,-1,734.8518,376.54282,928.4723,422.22958,801.6112,518.7514,698.71747,585.4162,869.7307,625.3259
97,-1,610.0111,169.89355,1032.1248,769.08295,0.9999608,-1,-1,-1,731.4591,373.23456,925.48944,417.93646,802.2167,515.98157,696.9181,582.52167,869.85315,621.3309
98,-1,609.8021,157.52083,1037.0461,758.7359,0.9999542,-1,-1,-1,726.8095,365.75934,920.70605,413.32193,794.3442,515.67706,694.3239,572.46265,870.5838,615.3188
99,-1,607.08685,158.51366,1034.4482,755.5812,0.9999528,-1,-1,-1,725.06757,361.24808,919.81854,407.0948,794.5373,510.40216,692.6311,567.9582,870.17017,609.13464
100,-1,604.46356,150.50334,1030.8566,754.3191,0.9999572,-1,-1,-1,721.4325,358.6157,918.28076,400.6064,794.234,504.702,691.22437,566.92426,869.6339,604.76135
101,-1,608.52545,145.41112,1028.3168,756.3614,0.99995375,-1,-1,-1,713.0134,360.27786,909.14294,396.66528,788.81335,499.54242,691.9609,570.17816,865.32996,600.03284
102,-1,605.8545,142.55309,1028.8723,751.29626,0.99996006,-1,-1,-1,709.3734,358.707,907.2115,392.53046,785.5847,493.1488,689.91974,566.5502,865.5741,594.1047
103,-1,598.292,133.60858,1030.9136,746.9653,0.9999635,-1,-1,-1,707.8541,357.50085,902.2735,387.74933,780.53467,487.2356,689.1985,562.6376,863.04803,589.00696
104,-1,595.1288,131.91486,1020.1592,742.39374,0.9999713,-1,-1,-1,703.8539,354.76007,896.9563,383.06482,777.25195,483.1146,685.05524,559.3885,858.1923,583.87317
105,-1,592.78326,132.9943,1014.1121,738.80084,0.9999696,-1,-1,-1,699.9922,351.67685,893.6817,380.60703,772.66003,478.63458,678.12787,554.6141,854.241,579.1523
106,-1,590.2467,132.4865,1010.82,736.12384,0.9999672,-1,-1,-1,694.61017,347.5593,892.0953,375.62354,768.1042,475.30438,672.72974,552.45435,853.4202,576.3713
107,-1,586.39294,129.6468,1005.0208,730.66113,0.9999701,-1,-1,-1,690.455,345.08063,888.3599,371.98358,764.82806,472.3224,670.8147,549.2948,852.87714,572.41833
108,-1,585.0654,132.31123,997.2004,730.0002,0.99996734,-1,-1,-1,686.9724,344.3114,885.8263,368.8193,763.9689,467.48798,667.05334,547.9066,851.98676,568.849
109,-1,580.22174,123.6707,996.34406,720.659,0.9999689,-1,-1,-1,684.50726,340.8344,880.26385,365.50092,760.1708,462.1224,666.57135,539.9492,849.3202,562.75366
110,-1,579.0173,123.181274,991.1163,716.45325,0.99997115,-1,-1,-1,681.382,340.91113,877.12634,362.76285,759.20135,457.2902,666.6274,539.50305,848.1804,559.91003
111,-1,579.1129,120.573235,987.4229,713.6004,0.99996984,-1,-1,-1,679.1742,341.20154,875.3637,360.78186,758.26105,453.10754,665.6243,538.75323,848.38086,557.1707
112,-1,577.9574,117.912766,987.0013,713.458,0.99997306,-1,-1,-1,676.5646,342.43958,872.2029,358.86444,755.5753,451.24277,665.3239,538.9244,848.30804,554.60455
113,-1,577.8296,120.33064,986.2976,713.0572,0.9999714,-1,-1,-1,675.2484,342.79337,870.54114,357.30258,754.1027,449.0063,664.81036,538.6866,847.78613,552.796
114,-1,581.1723,124.95552,982.5509,719.24524,0.99996936,-1,-1,-1,673.28973,346.7013,869.5455,357.91916,750.52484,452.18533,661.28107,544.42523,845.89484,554.04144
115,-1,582.2674,119.98403,983.3334,717.6532,0.99997044,-1,-1,-1,671.3375,341.01447,864.54974,354.7971,751.61914,452.45587,665.3637,542.47675,840.0103,552.86237
116,-1,580.7467,119.79909,981.5364,715.7873,0.9999722,-1,-1,-1,670.00757,340.8465,863.134,354.168,751.0873,450.9461,664.536,541.3914,839.25146,551.17084
117,-1,579.3509,119.50439,981.7396,713.00793,0.9999703,-1,-1,-1,668.77106,340.71292,861.6128,352.38608,749.5365,449.17096,664.55664,539.4599,839.1015,547.8011
118,-1,576.0283,116.93259,980.2359,711.6568,0.99997044,-1,-1,-1,666.4454,339.80612,861.0092,350.1391,749.60944,445.72528,662.04004,536.637,839.9198,543.66785
119,-1,573.5153,119.14158,974.70544,700.1665,0.9999685,-1,-1,-1,666.4646,340.3686,858.46735,348.32684,745.96735,439.83887,661.07104,535.67694,834.1338,542.964
120,-1,572.36896,121.30242,971.11383,698.7488,0.9999671,-1,-1,-1,664.36487,338.8385,857.2555,345.8205,744.8222,436.20984,659.24756,534.1993,833.084,540.69763
121,-1,569.46265,117.57275,970.65436,700.88336,0.99997544,-1,-1,-1,662.3706,336.6985,855.56067,342.22083,743.63416,432.09113,658.4554,534.21497,831.04675,539.32605
122,-1,568.44507,115.648766,969.6146,705.1889,0.9999728,-1,-1,-1,660.80164,333.9985,853.69574,339.47186,741.5109,429.62378,657.57294,534.8923,830.0617,539.79767
123,-1,565.41907,116.26601,966.6289,705.7756,0.99997306,-1,-1,-1,658.7471,333.35608,851.544,338.42264,739.4362,428.5761,655.58624,535.17633,827.59106,539.74023
124,-1,562.8767,116.350174,963.67426,704.0059,0.999972,-1,-1,-1,655.3172,335.3923,849.2024,337.7376,738.2844,427.97055,653.6521,535.5862,827.5978,537.6531
125,-1,559.941,116.92013,959.47614,704.18024,0.9999697,-1,-1,-1,653.5767,335.76157,847.19867,336.9605,738.6568,428.0479,652.4424,535.7816,826.9203,536.6214
126,-1,557.5026,117.78051,955.2696,702.12604,0.9999695,-1,-1,-1,650.88196,336.34924,844.2108,336.2465,737.37537,428.26584,650.5157,534.6692,826.5541,534.2996
127,-1,555.7569,116.37505,953.64496,701.2341,0.9999702,-1,-1,-1,648.5584,337.42844,841.57294,336.1451,735.1356,428.63977,649.1878,534.2585,826.3084,532.9178
128,-1,554.61,119.68218,950.3048,699.1932,0.9999702,-1,-1,-1,646.7356,338.8003,838.8725,336.22632,733.50903,428.28284,647.8609,533.74,825.4062,531.453
129,-1,553.92,119.74678,945.528,698.5922,0.9999621,-1,-1,-1,644.5051,338.1525,836.521,334.8542,731.3165,426.9263,645.51715,533.29083,823.30524,530.4574
130,-1,554.0602,115.67065,946.81573,695.45667,0.99996006,-1,-1,-1,640.193,333.4207,830.03394,332.38702,725.85077,425.56427,648.4881,532.21643,817.3743,531.0959
131,-1,550.08453,115.32661,943.7026,693.05145,0.9999616,-1,-1,-1,637.45123,332.49838,827.27826,329.3257,723.5059,421.46362,646.5036,532.4035,812.58246,529.3081
132,-1,546.3444,115.89329,946.3469,692.39154,0.9999646,-1,-1,-1,633.89136,332.2908,827.42773,327.31683,720.77954,416.92194,641.78674,530.3683,813.23267,525.72833
133,-1,544.5763,115.694855,937.31213,689.95966,0.9999653,-1,-1,-1,631.32434,332.79385,823.5716,324.9468,721.23444,414.77347,639.10657,527.52167,811.8897,520.03845
134,-1,544.35205,116.23221,924.96423,688.64813,0.9999546,-1,-1,-1,627.7686,335.50565,819.3543,322.35364,721.54095,414.14252,636.98865,529.0706,810.81793,516.8373
135,-1,540.95184,111.87106,918.0469,688.1777,0.9999497,-1,-1,-1,625.79376,333.902,817.8871,320.94836,721.20624,413.83627,635.2658,529.0253,808.5453,516.8012
136,-1,537.482,112.61869,918.74615,687.11615,0.9999522,-1,-1,-1,622.1918,335.60443,816.8835,323.2784,716.998,413.04437,630.7804,528.34265,807.12823,516.79614
137,-1,534.60754,114.367546,916.3859,687.3422,0.99994874,-1,-1,-1,619.1679,336.33597,816.58295,323.39648,716.10815,412.51224,628.3875,528.6336,808.58405,516.5192
138,-1,533.32245,118.916046,915.9366,687.7805,0.99994266,-1,-1,-1,616.5834,339.0227,813.2362,323.8556,712.93713,413.02475,627.7397,529.1378,808.59796,515.36316
139,-1,535.0469,113.82417,919.6944,686.78644,0.9999459,-1,-1,-1,614.25903,339.95084,803.1517,320.43393,706.6774,413.36057,632.7379,525.8705,809.73535,508.01318
140,-1,527.4835,115.5918,918.0389,687.8242,0.99995863,-1,-1,-1,612.1902,341.7351,806.6889,322.91968,708.22015,407.58575,629.3312,529.4046,807.68115,512.79156
141,-1,524.0292,115.01408,919.9351,686.64355,0.99996006,-1,-1,-1,609.01843,341.6057,803.4758,320.83218,705.6361,405.31097,630.56366,530.07385,807.532,511.7402
142,-1,522.2542,115.100464,918.6399,685.8696,0.99995863,-1,-1,-1,606.60156,339.19843,801.1782,317.96283,703.68646,404.27347,629.98676,528.49945,807.9846,509.65424
143,-1,521.8295,113.3361,916.26575,682.7201,0.99995446,-1,-1,-1,605.59814,336.88498,799.26215,315.18594,701.99774,402.38974,629.7295,526.2714,806.2034,507.14133
144,-1,522.266,113.18179,917.1591,678.67535,0.99995494,-1,-1,-1,604.90967,335.426,797.1863,312.53613,699.64124,399.8567,629.73596,522.82733,805.53644,502.78613
145,-1,522.9028,113.62703,916.4541,673.36273,0.99995005,-1,-1,-1,604.27734,333.90317,795.5419,310.21463,697.6964,396.83563,629.9655,519.7574,803.7002,499.0513
146,-1,522.80347,109.03514,916.0617,667.2663,0.9999571,-1,-1,-1,604.0736,332.2882,793.4496,308.18866,696.3411,395.87354,629.9465,515.8213,801.86053,494.70026
147,-1,524.0609,109.1205,916.7351,666.1133,0.99995434,-1,-1,-1,604.3928,331.23462,793.209,306.76276,695.87634,394.2191,630.5792,514.6213,802.03705,493.25366
148,-1,524.7711,106.76484,917.39404,666.763,0.99994814,-1,-1,-1,604.3741,329.44925,792.65625,303.32385,695.86084,392.2825,632.25916,514.1885,803.75977,491.27258
149,-1,525.2866,106.252846,919.042,668.4655,0.9999459,-1,-1,-1,604.4624,328.67822,792.9818,300.53214,696.8323,390.2355,634.9583,514.8793,806.8679,490.19556
150,-1,525.0846,102.76357,921.48914,670.9921,0.9999484,-1,-1,-1,604.6751,328.75906,793.6463,299.02,697.5769,387.26572,637.2596,516.8959,808.824,490.85342
151,-1,526.35535,104.47338,924.34033,673.76337,0.99994576,-1,-1,-1,605.7268,329.05157,795.3956,298.11545,698.36707,384.2009,640.1681,519.063,810.3611,492.0755
152,-1,527.1792,105.12857,929.91394,682.35,0.99995244,-1,-1,-1,607.72107,329.3704,798.2616,298.9864,699.82745,380.68396,643.19574,523.4315,812.2103,497.0487
153,-1,527.7816,106.75943,932.5161,687.4168,0.99995744,-1,-1,-1,610.8618,328.41483,801.13806,299.21796,703.8286,381.7011,646.8289,527.20386,813.7147,501.82562
154,-1,528.3184,106.613075,933.0611,685.9895,0.9999583,-1,-1,-1,613.89795,328.40433,803.42065,299.84512,708.5819,386.55823,649.7916,526.91504,815.62,501.90668
155,-1,530.06537,107.595474,937.9477,683.0501,0.9999579,-1,-1,-1,616.3517,329.16776,808.7043,302.76895,712.0767,389.00644,652.13544,528.81384,817.19446,505.2939
156,-1,533.46185,110.0066,937.9119,674.84955,0.9999604,-1,-1,-1,619.4462,330.14072,812.14795,304.554,716.8102,392.5246,653.6843,525.29034,820.0491,502.33286
157,-1,537.13934,110.45753,941.8887,671.2082,0.999959,-1,-1,-1,621.4439,331.6241,814.4975,305.36676,718.6933,392.47357,657.188,525.58875,822.9633,502.068
158,-1,539.171,110.09006,943.601,670.498,0.9999491,-1,-1,-1,623.88855,330.90533,816.94183,304.88962,722.657,393.3421,660.0343,525.14874,826.21814,501.5926
159,-1,540.95514,109.884735,947.2609,672.5678,0.9999485,-1,-1,-1,625.50146,330.9939,819.2531,304.55557,724.6165,395.58575,662.1943,526.41235,829.2805,502.49918
160,-1,542.62915,108.95622,948.7662,673.047,0.99994695,-1,-1,-1,627.9835,330.96985,821.01416,304.5563,726.3875,398.1334,665.0625,527.65576,830.305,503.96518
161,-1,544.9201,106.74308,952.2584,671.62604,0.99995065,-1,-1,-1,629.8625,330.09775,824.0406,303.69162,727.9919,399.2332,666.70764,527.4347,832.6836,503.77673
162,-1,545.71185,106.38033,954.55347,673.73193,0.99995327,-1,-1,-1,631.54913,329.5581,826.316,303.61334,730.391,399.59848,668.9489,528.117,835.1495,504.94128
163,-1,545.8803,108.39714,948.5043,681.5843,0.99994874,-1,-1,-1,633.9712,333.59918,828.83636,308.117,734.8077,398.3798,666.53516,526.5746,840.6979,504.02887
164,-1,546.4703,109.248634,950.55225,682.7188,0.9999553,-1,-1,-1,635.99994,334.59808,830.97003,309.2726,738.0184,398.77774,670.29553,528.8461,842.07184,506.25778
165,-1,546.76373,110.28797,953.6863,682.71545,0.9999559,-1,-1,-1,637.3723,335.33435,832.4376,310.02853,739.5423,399.86676,671.593,528.9065,843.4939,506.26498
166,-1,547.33844,110.551704,955.1641,680.90894,0.9999565,-1,-1,-1,638.06433,336.37503,832.9885,310.5249,740.1938,400.2904,672.371,528.5093,844.1011,505.3803
167,-1,548.0192,109.37391,955.6739,679.42163,0.9999572,-1,-1,-1,638.675,335.75967,832.87994,309.91504,740.2959,398.92868,673.2241,527.5824,843.976,504.47253
168,-1,548.50903,108.19086,954.6194,678.7291,0.99995244,-1,-1,-1,638.6627,334.7078,832.1098,308.94736,739.61444,396.21896,673.31464,526.6774,843.3777,503.70258
169,-1,549.08795,111.00782,953.324,677.6062,0.99994934,-1,-1,-1,637.8664,333.83206,831.00226,307.43768,738.6534,394.54163,672.7699,524.9873,843.5954,501.45212
170,-1,548.9558,108.28838,953.034,676.82526,0.99994993,-1,-1,-1,637.2816,332.99094,829.627,306.0775,736.8572,392.9048,671.7339,523.6576,842.72107,499.7243
171,-1,548.69073,107.96111,951.5895,676.242,0.999946,-1,-1,-1,636.45123,332.24777,828.90393,304.9409,735.9595,392.01654,670.95166,523.0063,842.1472,498.79318
172,-1,545.0135,107.94476,961.5654,674.7309,0.9999478,-1,-1,-1,632.697,328.2652,828.93854,300.1457,733.3446,393.19492,676.8427,529.1953,840.9272,504.02243
173,-1,544.5347,110.86974,960.9132,675.8909,0.9999497,-1,-1,-1,631.0555,328.23856,826.86456,299.1994,731.3604,393.1932,676.24976,529.72736,840.02466,503.79843
174,-1,543.08154,112.6035,960.8729,678.0218,0.999941,-1,-1,-1,628.6187,329.2952,824.50665,297.6813,729.3932,392.63034,677.3956,532.4232,840.25726,504.3776
175,-1,541.5037,111.66227,960.70416,681.5857,0.9999354,-1,-1,-1,627.1906,330.9208,822.94226,297.8779,728.67993,391.5392,677.76624,535.14044,840.58484,506.07794
176,-1,540.5936,110.06296,957.8221,682.99255,0.99993944,-1,-1,-1,626.7463,331.79596,821.1405,298.11758,728.2931,393.35712,676.427,535.4349,839.7841,505.9235
177,-1,539.1079,110.99778,958.46326,684.24243,0.99994254,-1,-1,-1,625.6683,333.36798,819.15155,299.48895,726.0019,394.05188,675.1312,536.2942,838.0973,506.69855
178,-1,537.98987,112.03931,957.438,684.62146,0.9999449,-1,-1,-1,624.33356,334.4623,817.6365,300.43887,724.39935,394.17017,673.3628,536.6836,836.30884,506.9784
179,-1,537.06323,113.49915,956.62274,683.1707,0.99994457,-1,-1,-1,622.8725,335.65973,816.3943,302.28015,722.65845,392.9748,671.75305,536.937,833.73474,507.75653
180,-1,537.10925,115.418015,953.3027,682.9371,0.99994755,-1,-1,-1,621.84436,336.29608,815.1908,303.99823,721.5654,391.64575,670.02185,537.4079,831.4508,509.1252
181,-1,535.75116,115.77316,951.84436,682.9515,0.9999496,-1,-1,-1,620.0929,337.69858,813.4651,305.1261,719.7239,390.03494,667.94824,537.14056,830.03973,508.57104
182,-1,534.65106,118.55762,947.1015,680.2011,0.9999515,-1,-1,-1,618.6764,337.94507,811.2776,304.7239,719.2509,390.40393,666.6122,535.9423,828.98663,506.72784
183,-1,533.57196,120.35874,944.8918,675.8717,0.9999511,-1,-1,-1,617.56665,337.5957,809.85376,303.74655,718.3576,390.2679,665.67065,533.8335,828.00073,503.94455
184,-1,533.1945,119.62251,940.2679,672.1632,0.99995244,-1,-1,-1,617.4011,336.8521,807.24805,302.75192,717.79486,389.94473,665.6181,532.0113,825.5468,501.84738
185,-1,532.22815,118.34242,937.18744,667.9756,0.99994755,-1,-1,-1,616.7594,336.99072,806.25494,302.98203,717.47095,389.0763,664.43915,530.1339,823.91156,499.9476
186,-1,530.87244,116.976875,937.23346,667.56775,0.99994886,-1,-1,-1,615.81586,335.864,805.5937,301.33212,716.61584,387.74432,663.235,528.55597,823.85266,497.7744
187,-1,529.2022,115.21154,934.69855,666.28894,0.9999523,-1,-1,-1,615.3866,334.90204,804.02783,300.5503,716.82025,387.0983,662.4754,526.32324,823.09985,495.59528
188,-1,528.27795,110.513405,930.6747,665.2951,0.99995005,-1,-1,-1,615.26276,334.62198,802.93225,300.50516,717.0684,386.78366,660.6181,524.66156,821.731,494.21747
189,-1,527.95764,107.03105,927.8739,664.00714,0.9999486,-1,-1,-1,614.93866,333.88864,802.4938,298.97156,717.9274,385.47638,659.99774,522.7775,822.7693,491.5674
190,-1,526.7706,104.654755,928.65466,662.4345,0.99995077,-1,-1,-1,614.6549,333.00708,801.12695,297.34192,716.84106,383.99237,660.69617,521.302,821.917,489.44702
191,-1,525.40137,102.62102,931.7845,666.5716,0.9999497,-1,-1,-1,613.59705,332.21457,799.5425,294.8709,714.84595,381.30408,662.8302,523.8241,822.48004,490.53265
192,-1,522.8326,94.84405,935.1925,668.9152,0.9999596,-1,-1,-1,611.91064,331.04706,798.4317,291.91006,713.36096,377.45795,665.44257,525.595,823.80927,490.81204
193,-1,522.4847,93.90385,937.17053,669.444,0.9999591,-1,-1,-1,611.00934,328.2787,797.58594,288.32654,711.6424,375.26956,666.5405,525.37604,824.0978,489.90375
194,-1,522.7413,93.926346,937.7885,669.098,0.99995744,-1,-1,-1,610.50525,326.31378,798.182,285.96835,711.99603,371.23355,666.2717,523.6166,825.36005,487.66403
195,-1,521.65936,93.21915,939.2052,670.6639,0.9999621,-1,-1,-1,610.13947,325.69086,798.5468,284.1708,712.7678,367.53055,666.77734,522.6386,828.1041,485.78204
196,-1,520.38306,89.733185,941.7017,679.07367,0.9999596,-1,-1,-1,609.44116,323.03293,800.0898,282.0073,713.13306,361.96222,667.84283,525.4107,830.0445,489.3193
197,-1,520.3326,83.79677,951.4814,691.93756,0.99995327,-1,-1,-1,608.3648,321.1613,802.26996,279.3931,709.92816,357.79633,668.551,530.4229,833.33746,494.07825
198,-1,517.3954,78.50128,952.51587,691.25024,0.99995816,-1,-1,-1,607.4452,319.7065,802.6125,278.80118,709.8136,357.0629,667.3223,529.44806,833.27527,493.84204
199,-1,515.1022,74.88197,949.0005,686.00214,0.9999615,-1,-1,-1,606.95123,316.2354,802.02386,276.42853,710.8636,357.31528,666.00635,525.02954,832.0301,490.10617
200,-1,513.18115,72.34497,944.0255,679.46045,0.9999559,-1,-1,-1,605.65125,313.6963,799.907,274.46466,710.3027,355.6408,664.7338,520.7546,829.8343,486.25006
201,-1,511.7442,72.822975,938.19495,676.61176,0.999956,-1,-1,-1,603.6609,311.5337,797.5733,273.58875,707.7627,354.30435,661.41187,519.0058,825.1036,485.76212
202,-1,506.72928,76.363556,931.112,673.19226,0.9999527,-1,-1,-1,599.21875,311.72586,794.30835,272.75897,705.897,356.62616,658.6998,518.459,823.6186,484.6058
203,-1,503.94717,78.47425,924.219,673.77386,0.99993074,-1,-1,-1,595.74744,312.35764,791.06195,272.87402,703.4505,358.70032,656.52203,520.3662,822.086,486.24725
204,-1,497.78864,79.18386,935.0477,669.70825,0.9999342,-1,-1,-1,586.7952,310.02243,788.7746,273.84512,694.3514,367.19696,650.45056,525.2906,810.3818,493.2333
205,-1,495.71103,82.18532,926.6617,669.2951,0.99992657,-1,-1,-1,584.31506,310.3655,785.9896,274.61908,693.6271,371.49948,648.28687,528.6842,805.8497,497.01318
206,-1,488.31174,88.32982,913.838,678.3757,0.9999225,-1,-1,-1,584.8578,316.04697,776.699,279.4952,691.0049,373.14233,646.5656,532.66675,798.1544,500.3872
207,-1,487.6272,82.246025,908.94836,675.7556,0.9999007,-1,-1,-1,575.8222,324.91632,775.25006,281.19678,684.49286,383.47403,635.12616,536.0398,802.772,498.36346
208,-1,483.99387,90.02341,910.49615,682.0431,0.999889,-1,-1,-1,573.8742,324.15723,772.62964,279.86755,687.6024,384.41965,645.5381,543.63257,801.0501,504.7075
209,-1,479.63116,88.20571,915.05927,691.9702,0.9999083,-1,-1,-1,568.63965,327.8978,771.04407,283.35825,682.38696,382.9682,637.9467,545.7523,801.053,506.254
210,-1,475.8835,99.31714,904.46844,686.9232,0.9999099,-1,-1,-1,568.9258,330.93176,766.9921,284.91458,685.48413,390.17853,644.95135,549.5789,798.2635,509.18338
211,-1,476.92685,113.125565,897.74255,692.0971,0.99989796,-1,-1,-1,568.302,334.33017,764.4074,288.39072,683.72626,389.79553,643.7142,552.3782,796.5256,512.08966
212,-1,466.3481,99.48177,903.4934,693.4171,0.99993026,-1,-1,-1,562.4935,334.3352,764.60895,288.606,681.01855,390.81387,637.2041,553.1128,795.4466,513.3083
213,-1,461.00137,100.91017,898.9972,702.3214,0.9999343,-1,-1,-1,564.85876,337.39395,762.51355,297.3387,680.24646,392.13773,631.9809,553.7809,788.98566,518.3871
214,-1,459.18698,102.89196,894.3253,705.8919,0.9999341,-1,-1,-1,563.04047,338.6201,762.35913,299.40225,681.6524,393.24344,629.8634,554.9098,790.3917,520.5072
215,-1,456.42,107.562065,892.65015,708.07733,0.9999385,-1,-1,-1,561.5548,341.02597,762.0901,301.46985,682.0519,396.16617,628.95154,556.78564,790.6891,522.2402
216,-1,454.84833,107.19588,890.97565,705.65314,0.99994695,-1,-1,-1,559.79004,344.38846,760.0883,303.09793,681.32794,399.53244,628.4081,556.9153,790.4075,520.9378
217,-1,456.53293,124.114586,894.53265,696.59937,0.9999386,-1,-1,-1,557.3085,345.5696,759.9652,302.9463,678.6994,408.56085,629.0012,559.6259,785.8561,522.3525
218,-1,457.55106,126.67232,891.5382,697.60144,0.99993896,-1,-1,-1,557.1149,347.5764,759.13116,304.08725,678.854,411.0057,629.30347,561.548,785.4304,523.43243
219,-1,456.94736,124.65712,891.3978,697.42145,0.9999429,-1,-1,-1,556.2268,350.4941,757.9426,304.31094,678.63477,411.68784,630.2297,563.11096,787.1199,522.6458
220,-1,455.87265,123.34568,887.55194,697.43866,0.99993587,-1,-1,-1,554.8206,352.91574,755.6872,304.8972,677.6427,413.08716,629.6186,564.85913,786.52576,522.85815
221,-1,453.73053,122.891174,887.3948,701.483,0.99992764,-1,-1,-1,553.4598,355.1921,752.95166,306.61868,675.4317,413.968,629.8386,568.34644,783.96344,526.02026
222,-1,457.01816,126.95756,889.79944,695.85785,0.99991524,-1,-1,-1,548.9657,351.65015,750.3761,306.7197,671.0368,411.78027,631.97455,569.4466,782.2467,529.51575
223,-1,455.80914,128.35709,886.9264,696.71985,0.99992836,-1,-1,-1,548.11487,351.94763,748.0937,306.75125,670.7976,411.02533,632.0759,569.5568,780.8669,529.47034
224,-1,456.36932,129.56258,886.77325,700.0554,0.9999316,-1,-1,-1,547.9465,354.18942,748.0706,308.72095,670.2472,412.95718,632.07935,572.2113,780.8066,532.0591
225,-1,455.07895,131.2936,886.5149,704.06445,0.9999436,-1,-1,-1,547.78906,355.59528,747.3466,310.03244,670.421,412.5164,633.16174,574.8538,780.8349,534.63684
226,-1,454.2628,133.58714,882.90344,708.8643,0.9999559,-1,-1,-1,548.7997,356.61606,745.9229,311.8765,671.3377,412.56708,634.2735,576.77795,779.8961,537.1831
227,-1,455.25214,137.31682,884.41064,710.1308,0.99995065,-1,-1,-1,549.155,358.01724,746.47723,313.5043,671.0644,413.10953,634.3667,577.8609,780.4518,538.4194
228,-1,456.9744,140.051,884.05676,709.0389,0.99994266,-1,-1,-1,549.194,360.47375,746.5714,314.8382,670.37244,414.93314,634.29456,579.08606,780.6459,538.6594
229,-1,458.46573,142.54752,884.9587,706.9159,0.9999312,-1,-1,-1,549.04785,361.6887,746.2255,316.0249,668.50336,415.13116,632.83746,578.3115,779.9494,537.8358
230,-1,455.16278,137.0514,885.1783,712.5439,0.99992585,-1,-1,-1,548.84534,365.98288,744.7667,319.86038,669.22144,410.75037,631.49506,575.78204,781.0853,534.4737
231,-1,452.96057,135.89082,883.50085,709.8365,0.99993694,-1,-1,-1,547.7307,367.71204,741.88544,321.20892,666.9412,412.5127,629.1832,574.90625,778.46545,533.15576
232,-1,452.97794,138.16542,879.8561,708.76184,0.9999347,-1,-1,-1,547.39746,368.66275,739.65686,322.01282,665.6142,413.8833,627.7072,575.0442,776.11487,533.2094
233,-1,452.30746,140.45541,874.3633,711.2226,0.99992704,-1,-1,-1,546.2696,367.50583,738.0587,321.9604,664.9421,413.85498,624.4834,575.80554,773.8209,534.74963
234,-1,452.41104,140.52298,870.9723,709.35,0.99992514,-1,-1,-1,546.49243,365.32437,738.18726,319.0948,665.37195,413.19666,622.1834,572.844,774.54974,531.19727
235,-1,450.24884,143.14377,862.3296,700.5252,0.99992573,-1,-1,-1,543.3781,361.1125,736.8286,314.8623,664.93286,412.48114,619.1308,569.2186,772.088,527.61475
236,-1,445.1472,141.69952,858.9127,696.7245,0.99994004,-1,-1,-1,540.4799,360.21457,733.7107,314.29166,663.17535,411.3762,617.0664,567.0991,768.9661,525.7198
237,-1,441.66132,139.73344,854.08765,695.8923,0.9999342,-1,-1,-1,539.4214,359.5694,732.8357,314.93463,663.24133,409.1676,613.4912,564.4478,768.09076,524.5323
238,-1,436.85904,139.16977,867.68524,704.2994,0.9999304,-1,-1,-1,533.92804,360.5109,730.6385,319.28174,653.8884,411.95493,608.98676,564.60004,764.30475,527.2343
239,-1,434.26385,144.13138,853.8113,699.4696,0.99993455,-1,-1,-1,529.853,360.92044,722.8013,319.5698,649.4706,411.46564,602.6871,561.9363,756.94275,524.1851
240,-1,431.19363,150.64914,841.1372,691.057,0.99992967,-1,-1,-1,523.3138,361.05353,715.6902,318.26862,644.0293,409.70328,597.0725,563.17975,750.428,524.25977
241,-1,429.77377,146.90945,833.3836,689.21643,0.99993527,-1,-1,-1,520.7194,359.2363,709.5008,318.27847,637.3021,410.94196,590.71423,561.13495,740.499,523.96924
242,-1,425.37735,148.01843,828.5178,686.5358,0.9999305,-1,-1,-1,515.0575,358.81366,705.251,317.09735,633.1753,408.24158,586.3567,560.6899,736.80176,522.68445
243,-1,423.68683,152.09137,822.8697,688.55695,0.99991417,-1,-1,-1,511.86243,359.8378,701.89526,317.7159,628.3698,408.31012,581.1073,561.5383,732.7089,523.38196
244,-1,415.28113,150.6561,823.1615,692.52515,0.9999286,-1,-1,-1,507.8449,361.43582,698.54913,316.73035,625.75024,407.43298,579.271,562.8128,732.1361,522.733
245,-1,410.41724,154.57248,827.68567,702.1322,0.9999429,-1,-1,-1,504.22693,362.20435,694.6101,315.79077,618.8877,404.98224,578.4259,567.03516,729.59674,525.8839
246,-1,407.8673,154.36209,827.49414,707.1937,0.999943,-1,-1,-1,500.6556,365.09253,690.86444,317.08075,613.18915,404.49997,577.7947,571.88983,727.4269,529.9498
247,-1,407.61365,154.32481,822.1619,706.6961,0.9999316,-1,-1,-1,498.24567,368.9872,687.8094,318.95703,610.3214,405.81448,572.9247,573.77527,724.6178,529.77606
248,-1,407.07025,153.68044,820.23975,705.274,0.9999255,-1,-1,-1,498.26215,369.19156,687.66205,319.03363,610.67004,406.40536,571.19836,571.1284,724.98663,527.2969
249,-1,405.89807,155.01457,818.94904,695.97064,0.99992406,-1,-1,-1,496.79156,366.59705,688.3547,316.8255,610.945,408.05048,571.7654,566.48425,724.74066,523.12103
250,-1,405.58356,150.07185,815.89575,694.9848,0.99992657,-1,-1,-1,496.95673,367.57465,688.3928,316.29367,612.9262,410.9528,571.2586,566.15955,726.964,521.5529
251,-1,405.85492,145.51308,814.5621,693.3327,0.99993634,-1,-1,-1,498.27243,368.00674,686.63837,315.63046,613.4674,410.94128,570.6348,562.44507,727.3991,516.7877
252,-1,406.849,149.42229,817.0889,695.60657,0.9999279,-1,-1,-1,499.05734,367.9181,688.67017,316.76382,614.01984,411.17163,571.1183,563.95575,728.20667,519.47534
253,-1,409.5692,151.40707,822.8404,700.27234,0.9999106,-1,-1,-1,500.4146,366.68146,691.42993,316.23853,614.42554,410.39935,573.37177,566.4424,730.2443,522.6752
254,-1,411.21042,150.9273,826.6621,705.6031,0.999913,-1,-1,-1,501.17947,368.34015,692.2105,315.56274,615.24554,410.0146,576.29016,569.4252,734.323,523.4655
255,-1,407.76514,149.30524,838.7604,715.4775,0.9999231,-1,-1,-1,500.93137,371.43936,693.9824,320.69974,613.5907,413.3157,579.05133,577.7142,733.1811,533.1715
256,-1,413.96692,154.51207,836.35486,714.84753,0.99993646,-1,-1,-1,503.40637,370.44083,696.14264,318.42273,616.9441,411.708,580.6712,576.3319,737.46466,530.75037
257,-1,415.0385,153.59998,836.742,715.616,0.9999366,-1,-1,-1,505.1413,370.60342,697.6332,319.38876,619.33435,413.57806,582.27576,577.2977,737.78284,532.209
258,-1,411.43225,147.05124,841.0007,716.49457,0.9999342,-1,-1,-1,505.66504,372.99997,699.4523,324.78555,618.9836,417.27127,580.49426,578.9371,734.84985,536.43225
259,-1,411.35742,146.87653,846.3446,718.8693,0.99994457,-1,-1,-1,506.6748,375.0918,700.0671,326.86533,619.0282,416.7736,582.12726,580.0948,735.5164,537.7343
260,-1,413.15616,146.96347,849.1373,719.7332,0.9999486,-1,-1,-1,507.84485,374.9904,701.9053,327.48972,619.46326,416.16458,582.7119,580.7826,736.1682,539.02264
261,-1,415.73325,149.44952,850.3648,719.8416,0.9999429,-1,-1,-1,509.22266,374.2356,704.66077,328.17303,620.84644,416.21228,583.4924,581.99066,736.6032,541.4238
262,-1,419.00143,150.8844,851.61487,717.9667,0.9999324,-1,-1,-1,511.01178,374.28925,706.19556,328.12823,622.50867,416.79086,585.54083,581.9001,737.9313,541.18726
263,-1,420.04153,149.75706,849.63684,714.70544,0.9999311,-1,-1,-1,513.574,373.17203,708.00726,327.82605,626.5563,417.16034,587.1331,579.5613,739.4606,539.5502
264,-1,422.91367,145.00357,851.9451,712.5143,0.9999385,-1,-1,-1,514.9317,368.94626,710.3271,323.16858,630.6701,416.64078,590.5384,575.8226,745.556,534.83453
265,-1,428.39557,147.57489,848.82324,708.37067,0.99992955,-1,-1,-1,520.75305,366.6062,712.95514,327.59912,633.74036,420.33533,591.2267,573.0754,741.42206,537.74725
266,-1,434.3278,148.99373,848.4337,703.3935,0.999933,-1,-1,-1,526.3405,365.62405,716.78375,329.43057,637.8536,424.83673,593.65125,570.95325,740.6383,538.0339
267,-1,437.25684,141.81128,849.60754,700.01263,0.99991894,-1,-1,-1,534.4215,366.44073,724.41156,327.3788,647.0758,420.00217,598.1837,566.04126,750.15247,531.7319
268,-1,446.11987,144.94357,855.4834,698.6147,0.99994063,-1,-1,-1,542.84357,357.2178,733.65985,326.83307,654.18365,421.06787,602.7748,565.3652,748.1797,538.05145
269,-1,456.84613,143.06012,859.7261,696.40045,0.9999286,-1,-1,-1,549.40015,353.4697,740.47156,325.23624,658.38794,423.23737,606.1875,565.0896,749.286,539.13617
270,-1,463.71475,128.45871,873.452,696.18054,0.99993813,-1,-1,-1,558.7285,352.11362,749.25464,325.89258,665.27893,423.69125,613.2358,562.9818,755.7042,538.77
271,-1,473.1925,127.22419,884.8351,695.0553,0.9999312,-1,-1,-1,572.12866,347.16284,763.5545,329.0385,676.25494,426.17624,619.57404,560.2189,762.45953,543.08466
272,-1,485.02133,128.61172,879.4059,702.4467,0.9999491,-1,-1,-1,588.02985,344.18546,776.27814,329.66763,694.2249,428.36038,623.5254,556.23987,771.1383,541.94257
273,-1,491.07397,128.84195,896.4014,703.6494,0.9999527,-1,-1,-1,596.7485,344.15607,787.0833,332.75375,699.5271,432.5047,629.5016,558.4811,775.25183,546.56696
274,-1,500.8837,125.48914,912.15594,708.6027,0.9999579,-1,-1,-1,607.5945,342.91412,800.45703,334.96298,709.1283,439.2767,637.8915,561.2948,785.2017,552.4064
275,-1,511.7004,124.54128,905.919,711.4299,0.9999535,-1,-1,-1,618.3503,345.87454,811.32983,341.88132,722.5057,444.0893,642.0314,562.9705,790.0732,557.879
276,-1,516.53503,133.55862,913.09204,716.2725,0.9999577,-1,-1,-1,626.07416,348.7003,817.3512,347.33823,726.9591,454.51276,645.4418,566.8331,790.334,563.7015
277,-1,516.89905,131.03102,917.73035,723.1,0.99995387,-1,-1,-1,630.32697,350.91605,820.5593,350.87314,730.3981,460.7475,648.78815,573.4673,791.85486,571.603
278,-1,528.5029,135.48444,932.5148,734.53296,0.99995005,-1,-1,-1,635.5644,356.15585,827.0948,359.27078,729.74554,466.2765,653.1481,580.1253,798.7344,580.7396
279,-1,528.54285,138.35172,935.2929,739.0789,0.99995077,-1,-1,-1,636.76306,360.23425,830.5316,363.95056,731.89496,471.59488,654.1367,586.6254,798.0423,587.61426
280,-1,526.8246,136.09563,934.4617,744.52893,0.9999614,-1,-1,-1,636.5165,362.1129,830.70233,366.58438,733.4734,476.39435,654.49677,590.4503,799.2301,592.0376
281,-1,523.471,137.21138,936.34015,748.8186,0.99996233,-1,-1,-1,635.31757,364.60217,830.7687,369.6541,732.8623,479.71838,654.4204,594.82825,798.1395,596.9309
282,-1,520.0102,141.09866,939.1283,753.28235,0.9999566,-1,-1,-1,632.80615,365.91495,830.7376,371.33618,730.8119,482.43756,654.7295,601.2216,795.0857,603.63684
283,-1,517.1324,139.54233,942.5116,761.051,0.999949,-1,-1,-1,631.7974,367.6942,829.87225,373.27585,728.18994,481.79065,656.01587,609.0279,789.8428,611.7545
284,-1,515.31085,148.53372,938.3468,773.1135,0.99995816,-1,-1,-1,627.85034,372.89688,825.15326,376.3422,724.0154,479.2641,653.5405,616.7919,789.38794,618.1213
285,-1,510.5111,136.87997,938.3806,769.31433,0.9999634,-1,-1,-1,627.061,370.10916,826.07874,375.5824,723.647,487.7892,648.83545,613.699,784.9894,616.3618
286,-1,507.64285,140.73228,931.3252,771.4128,0.99996126,-1,-1,-1,623.02997,373.10156,822.6448,377.9183,720.63434,490.15482,645.17944,617.2244,781.6017,619.58936
287,-1,505.30765,142.13034,922.90924,768.65125,0.9999665,-1,-1,-1,620.80066,372.26608,820.45215,378.57935,719.7232,492.10037,638.6542,613.52844,780.74304,617.3712
288,-1,502.46573,142.60599,918.894,767.5083,0.9999709,-1,-1,-1,618.2745,372.2389,819.7088,379.6556,718.661,493.01892,632.7772,610.83215,780.3754,615.9053
289,-1,500.49695,143.14313,918.1888,765.7044,0.9999722,-1,-1,-1,615.43085,373.719,817.1619,381.22263,714.90094,492.73303,628.22437,608.3889,779.40594,613.79834
290,-1,499.3697,142.6408,918.46344,764.86566,0.9999697,-1,-1,-1,614.05536,374.1895,815.8201,381.30017,712.71014,493.124,625.885,606.29926,779.9424,611.5709
291,-1,497.883,142.35806,918.3565,766.183,0.99996936,-1,-1,-1,612.4129,374.56647,813.959,381.2237,710.1565,492.5192,623.74634,605.5833,779.40515,610.682
292,-1,491.78394,130.01042,915.8525,764.8159,0.99996865,-1,-1,-1,612.21686,376.54498,809.759,381.41687,710.1321,493.72977,623.2256,602.761,777.4653,607.9824
293,-1,490.31818,129.62904,917.0258,767.4087,0.9999695,-1,-1,-1,611.2769,377.02216,809.19934,381.98862,708.9138,494.34198,623.26624,605.5292,776.42334,610.8483
294,-1,489.52124,131.40753,915.9195,772.03973,0.999969,-1,-1,-1,610.03625,378.35202,808.67804,382.45908,708.5957,495.82983,623.07074,609.18274,776.71326,613.77625
295,-1,488.4834,131.94589,914.6168,772.545,0.99997056,-1,-1,-1,609.27484,378.68945,807.9749,383.799,707.5501,497.47528,621.65247,609.7149,775.0152,615.2167
296,-1,487.55002,133.28146,913.0973,773.42377,0.99997175,-1,-1,-1,608.282,379.21677,806.50464,384.53018,706.0698,498.6747,620.1232,610.50903,773.1419,616.1303
297,-1,486.70264,133.56808,911.5648,774.48236,0.99997115,-1,-1,-1,606.9348,379.26334,805.6558,384.84253,704.8956,499.52246,618.4772,611.1106,772.2375,616.934
298,-1,485.95248,135.13393,911.22705,774.6002,0.99996996,-1,-1,-1,605.35284,379.26505,804.65076,385.42953,702.7652,501.3516,615.8445,610.0383,771.58673,616.44025
299,-1,484.08667,133.66345,909.58765,773.48596,0.9999716,-1,-1,-1,604.2381,380.94812,803.4503,387.3789,701.8527,501.96014,614.4818,609.8099,770.87897,616.53455
300,-1,484.02798,136.05515,907.4856,771.68494,0.99997044,-1,-1,-1,603.9455,383.41177,801.7238,389.45706,701.15894,504.27777,615.13586,610.4747,770.07666,616.9566
301,-1,487.92047,151.53566,918.4463,774.8957,0.99997103,-1,-1,-1,603.4579,380.93924,802.2748,390.3185,696.8776,507.55252,616.3465,613.02673,768.14197,620.1894
302,-1,486.89587,155.75702,914.7189,772.2687,0.9999738,-1,-1,-1,603.2253,386.98108,802.3469,393.56335,698.7301,510.0871,613.84625,612.42554,769.0992,617.4658
303,-1,483.89484,155.47275,909.37775,772.03406,0.9999753,-1,-1,-1,601.1186,393.77728,800.02466,395.858,698.8697,512.07214,612.5878,615.3583,770.35767,616.5987
304,-1,484.09836,151.88362,908.5513,773.81744,0.9999732,-1,-1,-1,600.2135,395.01135,800.2048,397.5295,698.6764,514.13824,611.87756,616.6764,772.4885,618.35077
305,-1,483.36697,153.0884,908.7038,774.72516,0.9999734,-1,-1,-1,600.4729,396.5674,800.0225,398.3195,699.54553,515.70233,613.0907,617.4752,773.44696,618.5096
306,-1,483.07874,154.68713,912.14667,772.836,0.9999751,-1,-1,-1,601.77374,397.10526,802.13477,399.3308,700.634,515.1797,613.26807,616.52405,774.24274,618.04004
307,-1,484.9196,157.69496,913.3487,773.0857,0.99997973,-1,-1,-1,603.9606,397.70126,801.44806,400.73688,701.128,515.8762,615.1435,615.6581,774.14105,618.096
308,-1,486.05072,156.02899,913.33325,772.07025,0.99997747,-1,-1,-1,604.3108,395.28342,801.3668,399.2965,701.08234,515.85266,616.5217,615.2259,772.5316,618.2908
309,-1,487.31644,156.48085,913.6147,772.84015,0.9999757,-1,-1,-1,605.02576,392.82346,802.0828,397.97803,701.5626,514.9883,617.4966,615.0723,771.96533,618.9005
310,-1,488.63733,153.96938,915.4687,773.6832,0.99997497,-1,-1,-1,605.10187,391.0215,802.2486,396.07202,701.5281,513.813,619.0098,615.23376,772.95856,618.85834
311,-1,488.54645,155.2819,918.1182,773.6098,0.99997604,-1,-1,-1,604.89124,389.8688,803.7209,395.1001,701.753,512.98376,619.37805,615.27057,774.0351,619.1138
312,-1,488.80508,155.47177,918.87866,772.2759,0.9999758,-1,-1,-1,605.2246,390.01544,804.5386,394.9552,702.744,511.8661,619.9225,614.7879,775.45593,618.34
313,-1,488.44998,156.48874,919.631,771.5414,0.9999752,-1,-1,-1,605.63666,389.92294,805.6762,395.02557,704.2256,512.09436,620.6552,614.75464,776.499,618.3742
314,-1,488.06345,157.22533,920.7726,771.53827,0.9999759,-1,-1,-1,606.1584,389.96857,806.6471,394.94186,705.39087,512.3343,621.7073,615.10077,777.67004,618.51025
315,-1,489.46185,156.69833,920.8701,771.02216,0.9999759,-1,-1,-1,606.6039,389.74957,807.10144,395.01678,705.5322,513.4259,622.5224,615.6126,777.324,619.2257
316,-1,489.21118,156.45848,920.42737,770.3542,0.99997616,-1,-1,-1,606.8333,390.2573,807.1559,395.56787,706.018,514.38776,622.57306,615.26624,777.79956,618.93994
317,-1,489.2181,157.53632,919.386,769.54065,0.99997675,-1,-1,-1,607.08014,390.2255,807.348,395.74902,706.53406,515.3975,621.9613,614.2677,778.12286,618.09937
318,-1,489.38272,157.75821,919.0715,769.33594,0.99997747,-1,-1,-1,607.1241,390.106,806.96277,395.63882,706.3358,515.73755,622.7279,614.73016,777.6767,618.57935
319,-1,489.1056,157.97047,918.55286,769.4959,0.99997675,-1,-1,-1,607.2586,390.8018,806.88556,395.90936,706.79175,516.5776,623.2115,615.1843,777.91956,618.66797
320,-1,488.6811,159.04616,918.5448,769.1811,0.99997616,-1,-1,-1,607.8672,390.99612,807.1249,396.32758,707.51086,517.9905,623.95074,615.5636,777.6939,619.18445
321,-1,487.98596,160.21739,918.5717,768.3684,0.99997747,-1,-1,-1,608.5055,392.08548,807.3374,397.1389,708.2651,518.9047,623.8093,615.1717,777.8216,618.5892
322,-1,488.5654,160.57011,917.87787,768.4733,0.99997795,-1,-1,-1,609.06067,392.1364,807.36804,397.84528,708.34375,520.32837,624.0771,615.3555,776.83307,619.31165
323,-1,489.88797,159.48058,918.12146,768.89935,0.9999784,-1,-1,-1,609.93024,392.23853,807.6819,398.67065,708.5717,521.2495,624.5957,615.8506,776.6273,620.448
324,-1,489.8733,159.56712,917.01117,768.6673,0.9999789,-1,-1,-1,610.2148,392.06998,808.0282,398.7203,709.4547,521.5145,624.90485,616.4483,776.125,621.1982
325,-1,490.13788,158.30032,918.42944,769.50793,0.99997854,-1,-1,-1,609.63885,392.71436,807.4559,398.89133,708.1098,521.14026,625.2034,616.95844,776.4812,621.34174
326,-1,490.2396,158.01248,917.6097,770.76556,0.99997747,-1,-1,-1,608.6636,393.1725,806.2294,398.558,707.1201,520.07245,624.356,616.44116,776.92474,620.1442
327,-1,518.08124,144.09157,938.7612,766.22095,0.99996555,-1,-1,-1,617.13135,374.41843,819.0666,386.00717,700.04736,500.7075,625.74677,603.6812,782.8428,613.52606
328,-1,516.0613,132.19463,932.7497,764.29724,0.9999584,-1,-1,-1,617.7704,375.78726,816.6442,388.2869,700.939,504.2854,624.10974,601.259,785.1764,612.9909
329,-1,516.8478,132.81696,933.3918,764.93054,0.99995697,-1,-1,-1,617.12225,376.5537,816.5696,388.22318,700.4527,504.5136,624.93933,602.1982,786.4462,613.1709
330,-1,519.5147,151.14941,938.79083,770.8872,0.9999516,-1,-1,-1,615.23193,376.24268,818.8679,386.97452,698.96045,502.5719,626.2945,607.3847,784.85876,616.5477
331,-1,515.9604,130.28629,935.1473,768.0788,0.99995315,-1,-1,-1,614.78937,375.35895,817.37115,385.3528,699.5229,501.96768,622.6962,602.3749,789.99817,611.97455
332,-1,518.7321,144.59541,942.7268,773.4061,0.99995756,-1,-1,-1,612.0613,374.99268,818.5011,383.82535,696.0876,497.89432,622.8732,605.96967,787.1876,613.54474
333,-1,515.9041,125.99657,934.68445,765.54016,0.9999572,-1,-1,-1,612.09424,372.56326,814.417,383.5208,693.81323,497.33807,619.21844,599.7095,787.00916,610.54584
334,-1,516.5618,138.42036,947.0386,770.11975,0.9999627,-1,-1,-1,609.8944,373.6508,815.28796,382.55334,689.0265,492.8005,617.6734,601.3096,782.7266,609.00195
335,-1,513.65295,133.97432,945.498,768.55396,0.99996424,-1,-1,-1,606.8075,373.26288,811.1045,381.14114,684.3402,491.55426,614.4306,599.4637,780.36755,606.57477
336,-1,511.16833,122.529625,935.60834,764.6944,0.9999579,-1,-1,-1,603.60236,367.9252,806.26025,380.55344,678.008,486.06036,607.959,596.79254,772.3311,609.1784
337,-1,508.43536,122.34851,933.9568,761.8251,0.9999652,-1,-1,-1,600.1903,367.85678,803.0085,380.95572,672.4502,485.23697,603.60376,595.8995,766.43304,608.6937
338,-1,508.1001,124.6017,932.9237,754.2738,0.9999604,-1,-1,-1,598.7345,364.93988,798.85736,377.90332,671.55316,489.0178,608.23737,591.20105,766.5826,603.9157
339,-1,510.70782,128.25954,931.9604,759.98047,0.9999559,-1,-1,-1,596.7078,367.04187,797.45953,380.7879,663.8159,485.78503,601.7497,595.6971,759.6161,609.3052
340,-1,511.86362,131.14786,932.0258,761.26935,0.99995375,-1,-1,-1,595.9118,366.27756,796.3786,383.49957,659.57263,487.5036,599.7039,597.3244,754.3301,614.0231
341,-1,512.45483,133.37813,932.8276,767.0053,0.9999571,-1,-1,-1,595.28485,365.9164,795.1415,384.80414,656.0006,488.3858,598.0553,600.8434,750.1528,619.03253
342,-1,513.2582,134.90611,934.6138,768.456,0.99995494,-1,-1,-1,594.80054,366.03946,794.6974,386.80774,653.1196,489.97656,596.9019,602.1681,747.9059,622.0165
343,-1,512.5286,133.02292,936.1573,769.8357,0.9999634,-1,-1,-1,594.4506,366.73428,793.7173,387.7005,651.71277,491.5963,596.522,602.53595,747.00806,622.66656
344,-1,511.84497,132.74689,935.1599,769.8142,0.99996054,-1,-1,-1,593.7492,367.7245,792.322,388.67633,650.8444,491.76324,595.49426,601.9553,746.1023,622.0734
345,-1,509.8994,133.10234,935.7082,765.7674,0.99995995,-1,-1,-1,592.9613,367.3478,790.63116,389.16104,648.74335,491.16165,593.86383,598.55975,745.02637,619.5185
346,-1,508.50574,131.78815,934.7252,764.90814,0.9999639,-1,-1,-1,591.3845,367.9099,786.7208,388.9214,644.9392,488.9704,591.9982,596.66064,742.59875,617.0028
347,-1,508.38525,133.1543,934.0578,767.65784,0.9999597,-1,-1,-1,589.56525,367.495,785.28235,388.51028,641.6284,486.2458,588.1945,595.5521,741.84735,616.09125
348,-1,504.70505,129.91608,924.9451,759.87897,0.999964,-1,-1,-1,587.9162,362.84488,782.8903,386.90155,643.0243,491.1825,586.94403,590.8562,741.86597,613.544
349,-1,502.79285,130.86522,923.13855,760.442,0.9999665,-1,-1,-1,585.71497,361.9019,780.4342,385.2396,639.6468,487.37653,582.92676,590.15234,737.0287,612.3078
350,-1,502.1506,131.1552,919.6558,758.1009,0.99995995,-1,-1,-1,584.4721,359.75,778.8959,384.1418,636.81964,483.31918,579.13513,587.229,732.77374,610.30383
351,-1,501.4531,122.4107,918.2061,754.6434,0.9999603,-1,-1,-1,581.8874,358.11804,776.4922,381.55612,636.97754,480.33093,580.59875,582.2447,737.92084,604.0188
352,-1,501.51227,123.21864,911.4477,750.01746,0.9999527,-1,-1,-1,580.5551,354.2415,772.50275,378.7962,633.59937,477.1161,578.0138,579.3001,731.0286,601.9741
353,-1,499.0764,120.71666,908.2679,747.14746,0.9999471,-1,-1,-1,578.4518,352.02853,769.60443,376.06152,631.63184,473.97342,575.27765,575.30975,729.9962,597.6006
354,-1,496.2134,120.32404,909.53516,744.00696,0.99996114,-1,-1,-1,576.75214,349.5994,766.7024,372.00314,629.3532,469.66046,574.83136,571.7547,729.1365,592.81604
355,-1,494.77655,116.52079,910.9403,741.93353,0.9999676,-1,-1,-1,575.7008,345.4505,766.8134,367.97043,627.7123,465.76553,573.6872,570.4357,726.6318,591.6004
356,-1,493.77548,112.04471,911.06366,739.99695,0.9999728,-1,-1,-1,574.346,342.56036,765.73773,363.87314,625.88245,462.2348,572.0797,567.94366,725.771,588.2007
357,-1,493.73166,108.80955,907.34265,726.6646,0.99996793,-1,-1,-1,573.28375,339.04333,763.5981,360.64233,624.35345,458.21255,569.4733,559.1681,723.2191,579.75006
358,-1,492.07196,105.16707,908.7501,724.689,0.999966,-1,-1,-1,571.7317,337.87296,762.9209,355.01047,624.9925,452.88354,570.4455,555.9376,727.1254,572.87634
359,-1,493.03378,102.95386,907.9533,720.35004,0.99996233,-1,-1,-1,571.44086,337.41586,763.1781,352.97708,625.44293,447.67062,568.8564,551.52637,729.2748,567.28955
360,-1,475.79825,104.28889,902.7014,711.6678,0.99996316,-1,-1,-1,567.6082,335.71625,765.80176,348.12405,635.9949,446.0818,562.82263,544.4216,730.10284,556.64014
361,-1,471.73782,101.992546,904.60693,710.56256,0.9999666,-1,-1,-1,567.0222,334.17957,766.0639,347.59857,636.43365,442.4482,559.8207,539.83325,731.151,552.7984
362,-1,470.68726,100.67586,902.40393,708.4374,0.9999685,-1,-1,-1,567.15784,332.43552,765.1117,346.14938,636.66,442.20532,559.2788,537.2346,731.33374,550.3336
363,-1,472.5187,101.775024,901.16284,703.7849,0.999972,-1,-1,-1,567.98895,330.89703,764.9803,344.13626,637.2865,440.05005,559.82336,533.8971,731.8816,546.502
364,-1,475.22467,101.46156,901.8189,697.624,0.9999713,-1,-1,-1,568.91815,330.4757,765.1428,342.54114,638.405,437.66547,561.0518,529.2221,734.95636,540.6408
365,-1,476.43448,99.21838,903.6655,694.1359,0.9999707,-1,-1,-1,569.38214,328.70947,766.4229,342.17258,638.7328,435.501,560.3506,525.1862,737.09644,537.6742
366,-1,480.92526,101.96422,903.58923,692.8435,0.99997425,-1,-1,-1,571.2511,327.597,766.7912,341.0348,639.6906,434.17596,561.98425,522.27527,739.8198,534.77277
367,-1,483.31754,102.381424,904.75305,692.83105,0.99997675,-1,-1,-1,573.1729,326.90292,768.8149,340.26108,641.6496,431.2594,562.78613,521.5169,740.6972,534.0594
368,-1,484.82007,102.13088,905.18677,691.281,0.99997556,-1,-1,-1,574.9997,326.03,770.656,340.324,643.95496,430.93912,564.65704,521.43304,741.29016,534.7623
369,-1,487.38568,100.64152,905.749,690.32745,0.9999738,-1,-1,-1,576.64453,325.8648,772.9351,340.75192,646.38947,431.2804,567.2528,522.5122,743.5267,536.37463
370,-1,489.74194,101.56137,907.0126,689.78125,0.99997103,-1,-1,-1,578.8565,326.23834,775.5885,341.61472,649.32495,430.81723,569.3884,523.56445,745.82007,537.88684
371,-1,496.09406,102.93712,907.3457,691.08203,0.9999629,-1,-1,-1,582.8129,326.06317,778.42114,342.10556,652.2057,432.5024,573.09033,525.5134,747.7118,540.5768
372,-1,500.4427,99.90718,909.48364,693.4142,0.9999577,-1,-1,-1,587.1645,325.23734,780.93567,343.8351,654.8316,436.262,576.6741,525.48694,751.21655,542.62885
373,-1,501.63907,100.099785,912.3358,698.41394,0.9999651,-1,-1,-1,590.5023,327.11316,785.0281,345.5131,659.4198,437.1083,579.2213,528.8484,754.42896,545.91235
374,-1,506.5499,101.435814,915.84973,704.03546,0.9999583,-1,-1,-1,594.0159,327.30197,790.21783,348.2604,662.2594,438.59854,581.0133,531.8532,757.2142,551.23517
375,-1,493.0447,111.70038,920.5128,711.18207,0.9999554,-1,-1,-1,597.62274,330.39636,793.30365,354.6191,668.1861,442.63776,578.7982,531.22076,756.2359,553.1592
376,-1,504.7316,117.51246,918.2399,722.0341,0.99995327,-1,-1,-1,605.01953,334.86792,795.12506,358.75107,670.0476,444.90527,584.5736,540.6196,753.3553,562.3316
377,-1,511.28513,122.40951,922.275,732.702,0.9999527,-1,-1,-1,610.9814,339.43262,797.55347,364.74225,671.6247,444.8955,588.4144,548.8589,751.35944,572.16364
378,-1,522.797,124.00049,926.878,754.63715,0.99994266,-1,-1,-1,607.09076,336.85962,799.39496,362.46323,656.38965,444.1987,585.77905,566.357,746.79193,591.2854
379,-1,505.96228,123.88194,929.96405,748.8603,0.9999465,-1,-1,-1,614.22784,347.3979,801.9373,373.32504,678.337,455.08868,596.3348,567.43164,751.65216,591.0354
379,-1,1475.9132,741.60535,1748.8116,1087.5258,0.6042927,-1,-1,-1,1601.6812,870.27185,1690.6456,869.5982,1667.9036,953.0568,1613.2656,1003.1475,1684.2286,1002.4862
380,-1,523.2709,129.8492,933.07526,750.25305,0.9999516,-1,-1,-1,612.48,339.22565,800.938,375.94363,660.35834,456.44485,592.9235,566.9682,744.5502,599.96747
381,-1,525.62836,132.64613,935.87683,750.12616,0.9999552,-1,-1,-1,615.5008,341.763,804.15674,379.6064,662.1484,461.50925,593.73114,568.7584,745.0153,602.6647
382,-1,526.3161,130.1458,935.8641,752.8961,0.9999536,-1,-1,-1,617.7382,343.6428,804.6277,382.97122,663.02765,465.95667,593.5606,569.2435,744.17413,604.5432
383,-1,527.45166,131.26904,933.852,755.33624,0.99994373,-1,-1,-1,618.82153,345.59314,806.3272,386.55005,665.2877,467.1618,593.6243,571.23517,745.05066,608.00946
384,-1,527.7173,133.03328,933.92163,756.7154,0.99994075,-1,-1,-1,619.3885,347.43652,806.17865,389.04703,664.863,468.36896,593.3811,573.16284,743.748,610.43
385,-1,528.9347,134.56577,935.9142,761.09674,0.9999416,-1,-1,-1,619.2166,349.2439,805.7113,391.2913,663.3139,469.13177,594.0306,576.1306,744.02673,613.84644
386,-1,529.4907,133.36601,937.14777,761.8954,0.99994767,-1,-1,-1,618.9032,348.53854,805.0304,391.90176,661.6949,470.77673,594.13495,576.04565,743.8068,614.93024
387,-1,529.1054,131.01895,936.46625,759.7372,0.999948,-1,-1,-1,618.0634,345.94098,803.94,389.69986,660.2297,471.22525,593.0636,574.05884,742.30176,613.24304
388,-1,528.3793,128.2286,937.3166,754.89417,0.9999534,-1,-1,-1,617.96423,343.5727,803.47766,388.56982,659.21857,470.92807,591.7523,569.9974,740.8796,610.45776
389,-1,526.9882,124.97793,938.9329,749.3345,0.99996424,-1,-1,-1,617.3563,341.07806,802.1805,386.22446,657.301,468.72104,591.27216,565.8229,739.60364,606.5576
390,-1,526.80945,123.65525,939.4024,744.118,0.9999628,-1,-1,-1,616.19714,338.91696,801.9656,383.08276,656.76776,465.72153,590.7836,561.96045,740.7161,601.8661
391,-1,526.33856,125.0583,941.8361,738.9552,0.9999591,-1,-1,-1,616.0552,335.78464,803.07263,379.03897,656.5622,462.2504,589.394,556.4853,742.1791,595.5055
392,-1,527.1574,124.2798,939.70166,733.727,0.99994886,-1,-1,-1,617.27026,333.64035,803.6032,376.30463,657.91284,456.62198,589.74005,552.5014,742.33453,591.1638
393,-1,504.87866,121.08416,930.31104,709.50183,0.9999474,-1,-1,-1,613.80054,336.97058,809.1958,372.8568,677.83844,449.3016,589.74927,546.61206,745.23926,578.102
394,-1,506.1926,119.28323,932.2424,702.38184,0.9999585,-1,-1,-1,613.6567,332.60184,810.24677,368.58615,677.5937,443.74673,590.1485,543.5081,743.7142,575.16583
395,-1,507.92535,114.705795,932.89526,698.8328,0.9999615,-1,-1,-1,612.2856,333.01617,810.34845,365.22302,679.004,438.1287,593.0225,542.83923,748.6698,571.56573
396,-1,511.61432,110.03708,930.76355,696.6018,0.9999516,-1,-1,-1,613.1167,328.38632,812.3692,360.79306,681.22675,434.63025,595.38086,539.95105,753.03766,568.87555
397,-1,533.8267,103.07127,936.4192,714.382,0.9999498,-1,-1,-1,622.73145,317.68668,808.9351,356.38684,670.203,440.0321,599.49054,534.11847,755.4855,569.4317
398,-1,523.1656,106.71018,936.27356,693.40137,0.9999516,-1,-1,-1,619.3443,324.55618,814.6973,352.31647,685.36456,428.78046,604.8034,535.82605,759.04535,560.7175
399,-1,536.4731,100.83482,939.0238,708.0495,0.99995327,-1,-1,-1,624.17786,312.59702,810.7604,349.38742,672.5561,437.03226,604.5697,529.6281,759.23413,563.1887
400,-1,535.8823,102.055916,941.28436,707.65796,0.99995244,-1,-1,-1,623.5759,312.64938,812.12384,346.0488,674.74243,436.41232,606.98785,530.3214,763.4743,560.8795
401,-1,536.86206,100.714806,943.6764,708.2657,0.99995255,-1,-1,-1,623.98303,313.12314,812.76025,345.14072,675.0496,437.34937,609.8533,532.8082,764.53284,562.03754
402,-1,538.48846,103.425644,944.3871,713.02234,0.99995005,-1,-1,-1,624.3804,314.13422,813.8943,345.74142,674.8888,438.0811,611.2792,538.9551,762.99585,567.7118
403,-1,540.2838,106.38223,946.22876,716.51996,0.9999467,-1,-1,-1,625.66797,317.03653,816.0639,348.16733,676.48425,438.83884,612.77686,543.0408,763.9942,571.4019
404,-1,544.8259,105.06532,943.72046,718.7832,0.99993026,-1,-1,-1,626.793,321.9609,814.78235,351.97226,677.94293,443.22617,615.29047,546.3884,765.1878,573.66943
405,-1,542.3781,108.553795,943.66833,717.72833,0.9999391,-1,-1,-1,626.0082,326.59586,824.8368,357.02753,685.09937,438.00458,614.0702,555.44824,758.7715,583.7396
406,-1,549.3677,115.27814,948.6813,725.6401,0.9999312,-1,-1,-1,630.9709,333.98633,817.0283,361.0281,681.41266,453.32468,624.95044,562.71124,762.9995,587.334
407,-1,555.93994,122.28327,949.70966,742.2259,0.99991596,-1,-1,-1,630.74866,342.11676,819.4823,370.2615,680.28723,462.83945,623.59717,573.57996,769.4082,598.9988
408,-1,537.7363,128.45413,958.24243,740.3278,0.9999255,-1,-1,-1,645.2363,354.1589,828.32574,384.5677,703.5352,470.21652,628.43335,574.0008,770.8319,600.92334
409,-1,560.1256,124.387886,956.2224,757.0201,0.99993396,-1,-1,-1,635.72253,356.3665,822.0908,386.18085,684.27386,479.219,628.42444,584.1681,775.84235,611.04596
410,-1,561.3062,125.079735,958.58606,763.4334,0.99993813,-1,-1,-1,640.2123,360.82922,825.4333,393.29758,688.4091,487.26428,632.2103,589.5779,777.3436,618.5305
411,-1,560.834,140.71739,961.7459,769.7939,0.99994516,-1,-1,-1,643.8427,366.0336,829.2723,401.58768,690.81244,496.15817,631.7481,597.1572,773.6978,629.1457
412,-1,563.74146,149.26964,964.0847,773.0408,0.9999428,-1,-1,-1,648.16296,368.46588,834.677,407.33258,697.2769,503.5809,637.05695,601.5526,777.84204,636.0707
413,-1,563.8031,148.42589,968.8971,776.1967,0.99995005,-1,-1,-1,651.4092,371.76483,839.254,411.2,701.6722,508.10287,638.8107,603.54395,782.27014,638.8479
414,-1,564.8779,149.68593,971.7695,779.38776,0.99994457,-1,-1,-1,653.6893,371.27744,842.91956,411.44406,704.2575,508.5987,639.9523,605.08563,783.9677,640.9942
415,-1,565.9495,146.6678,973.0549,774.1512,0.9999454,-1,-1,-1,655.8265,370.2395,844.9531,411.0304,707.52966,509.70197,641.4126,601.32697,786.4755,637.79144
416,-1,565.7171,142.40588,972.9767,768.534,0.9999522,-1,-1,-1,657.6162,367.9817,845.2328,410.37332,709.5644,507.96072,640.63165,594.7075,787.7838,632.59326
417,-1,565.8231,143.23672,972.75055,766.1006,0.99995637,-1,-1,-1,658.3106,365.92145,845.62946,406.91183,710.3362,503.91925,641.61865,590.9922,791.0415,627.90826
418,-1,566.7815,142.42833,969.2484,760.5233,0.9999536,-1,-1,-1,659.1914,363.0715,846.447,403.66492,712.8427,500.2827,641.79333,586.50116,791.9505,623.1175
419,-1,569.79156,142.71214,974.40125,757.0588,0.999944,-1,-1,-1,659.5198,359.3212,846.76624,395.64078,712.8647,494.50974,645.94617,582.3979,795.7688,614.8896
420,-1,569.6154,142.18283,974.723,755.547,0.9999442,-1,-1,-1,659.25146,358.2725,846.6331,395.13837,711.8239,492.205,645.1873,581.0285,794.68,614.0439
421,-1,569.5051,143.34059,973.8496,754.4041,0.99994576,-1,-1,-1,658.8834,358.0776,846.1553,394.96234,711.8156,492.66473,644.97845,579.99445,795.0271,612.9879
422,-1,569.924,144.95164,973.6803,752.8272,0.9999428,-1,-1,-1,659.16077,359.15216,846.7426,396.47983,712.54285,494.22687,644.3633,579.0975,795.79126,612.3959
423,-1,568.1234,143.48163,969.6721,753.1796,0.999954,-1,-1,-1,659.5814,363.45633,846.50684,404.5549,712.91315,501.26428,639.8082,580.69586,793.601,617.8293
424,-1,566.681,142.27232,973.0685,758.6992,0.9999608,-1,-1,-1,659.0071,368.60574,845.83923,408.18826,713.2661,508.91376,642.6857,587.2458,794.33484,622.8862
425,-1,565.3497,142.79442,976.19934,761.7678,0.99996114,-1,-1,-1,658.48737,372.6929,846.3984,411.52518,712.9108,513.18506,643.14935,589.9055,797.00183,625.0587
426,-1,566.1109,149.6991,975.4839,768.6881,0.9999616,-1,-1,-1,657.72656,374.90027,847.38153,412.884,713.29785,516.17395,643.5034,595.0559,798.64954,629.3495
427,-1,565.8232,151.21187,973.49084,775.5371,0.9999609,-1,-1,-1,657.0047,379.02808,845.4562,416.97128,711.4889,517.99384,642.94604,600.9587,796.22614,635.19226
428,-1,565.94086,153.52014,972.4364,778.3276,0.99995685,-1,-1,-1,657.66583,381.85822,845.1928,419.8716,712.29175,519.7167,642.93463,602.61346,796.10913,636.83386
429,-1,565.9267,153.61089,972.7235,779.12177,0.9999585,-1,-1,-1,657.9408,383.44516,844.4847,421.09497,712.0421,520.6081,642.9192,603.36816,795.7377,637.33344
430,-1,565.2556,153.1163,971.8507,778.79376,0.9999584,-1,-1,-1,657.188,383.9668,843.97797,420.7973,711.7271,520.25555,642.88947,603.8867,795.50275,637.1574
431,-1,565.39996,154.08815,970.194,776.8081,0.99996126,-1,-1,-1,657.6512,384.5036,843.09515,421.296,712.06055,519.4617,642.66693,602.1639,795.42926,635.3694
432,-1,565.6365,152.35036,971.6552,774.87756,0.99996626,-1,-1,-1,658.385,384.86783,843.2075,422.46512,711.3981,519.0401,642.14795,600.5039,795.2228,634.51733
433,-1,564.5072,151.20062,970.0123,776.4785,0.9999584,-1,-1,-1,657.40985,386.61444,845.3965,423.72388,713.54083,518.0754,640.5043,601.25854,798.3486,634.90454
434,-1,551.78235,155.12932,969.0404,761.44006,0.99994016,-1,-1,-1,657.90924,388.31958,846.65497,420.94763,724.8635,518.56793,645.3161,598.45856,800.53864,627.5247
435,-1,553.80914,155.33801,970.73065,760.31287,0.9999423,-1,-1,-1,659.2533,386.91467,848.8562,419.8731,726.2395,518.1101,645.7282,597.63257,801.3799,627.04236
436,-1,553.539,155.76277,970.6293,758.17896,0.99994314,-1,-1,-1,658.45795,386.4889,848.5769,419.82825,725.3121,517.65234,645.2224,596.4338,801.32477,626.05457
437,-1,562.6763,149.49284,968.02985,772.82666,0.99995625,-1,-1,-1,655.7039,384.84186,847.8578,419.7742,717.0102,515.2052,640.27264,599.38513,802.3186,631.28687
438,-1,562.56995,150.43478,969.96735,771.87354,0.9999676,-1,-1,-1,657.63983,383.30988,846.4128,419.62405,716.1727,516.3745,640.7198,597.7234,799.3078,630.7089
439,-1,562.3543,150.22786,969.0207,770.53687,0.9999708,-1,-1,-1,657.488,382.02344,844.84546,418.63724,715.3643,516.7927,641.0941,597.1791,797.1793,630.3572
440,-1,561.5001,151.27356,969.3878,771.1249,0.99996936,-1,-1,-1,656.671,380.8198,844.16406,417.62802,714.49817,517.0917,640.5833,596.73883,796.5597,630.02
441,-1,561.5188,151.30399,969.60455,772.2908,0.9999652,-1,-1,-1,656.35944,381.0737,844.2065,417.97565,714.05536,517.5022,640.0745,596.86774,797.04834,630.29047
442,-1,560.73584,149.6773,968.895,773.49976,0.99996376,-1,-1,-1,655.4524,382.23483,843.3289,418.6297,713.0645,517.59064,639.2156,597.53766,797.04456,630.5968
443,-1,559.61285,150.3144,968.6421,776.15063,0.9999616,-1,-1,-1,654.6706,384.23874,842.3646,420.15625,712.5548,518.10706,639.0092,599.2999,797.0756,631.9545
444,-1,558.8214,152.50134,967.3661,779.8731,0.99996066,-1,-1,-1,654.261,385.85297,841.60736,421.7985,712.52277,519.86633,638.8302,601.6483,796.8306,634.2476
445,-1,557.9214,154.6963,967.36725,782.9761,0.9999583,-1,-1,-1,653.023,386.49652,841.7688,422.50912,711.5898,521.4903,639.5069,606.11365,795.5133,638.465
446,-1,552.73926,169.63681,964.9252,774.4726,0.9999589,-1,-1,-1,653.43036,386.50275,840.34564,425.63428,711.3141,527.32245,640.8304,605.55286,786.7101,640.96484
447,-1,552.34827,171.26866,969.2022,781.77466,0.99995506,-1,-1,-1,653.1377,389.89795,841.4664,429.53552,709.78845,532.4073,640.0654,610.87524,787.0061,646.7929
448,-1,556.7114,165.43219,966.4359,795.7343,0.99995446,-1,-1,-1,651.58563,395.10312,840.7376,434.0682,709.3473,538.71155,636.8408,618.5897,791.1257,653.8989
449,-1,554.7339,167.97807,968.2217,799.92,0.99995613,-1,-1,-1,650.80725,400.44678,840.367,437.72125,710.812,546.20654,639.5535,623.4253,794.72095,657.22363
450,-1,551.9852,170.61746,968.16455,807.274,0.99995446,-1,-1,-1,648.2726,406.9895,839.5618,441.11096,710.30505,549.512,640.4495,631.9487,795.6411,663.135
451,-1,550.6343,170.1717,967.3899,807.21173,0.99995553,-1,-1,-1,645.9918,410.24234,839.2518,441.57098,710.43567,550.94995,639.77277,633.8936,797.6622,662.68207
452,-1,548.7356,167.20421,968.12384,805.72394,0.9999615,-1,-1,-1,644.12897,410.68497,837.6245,441.74844,708.022,550.17377,637.53754,632.93335,796.528,661.4779
453,-1,548.1928,167.94296,968.1006,805.45276,0.9999646,-1,-1,-1,643.3511,407.7143,836.16187,439.24777,706.12476,548.2601,636.50366,630.72516,794.93475,659.67523
454,-1,551.39856,166.67143,965.95984,804.9378,0.9999621,-1,-1,-1,643.39087,403.6261,834.1898,436.3913,702.7331,546.26807,635.412,629.03217,790.54926,659.0665
455,-1,546.5566,167.30457,965.114,798.041,0.9999608,-1,-1,-1,641.6494,398.61655,831.801,433.52756,702.1197,545.82404,638.9613,625.3765,788.15546,657.19934
456,-1,545.70844,160.77985,970.2981,796.23834,0.99996614,-1,-1,-1,641.1817,396.65396,833.26855,431.82047,701.4269,543.70154,636.55194,621.10095,791.0637,653.1792
457,-1,544.0453,160.20457,967.67395,795.1136,0.999966,-1,-1,-1,639.02515,394.23254,831.7749,429.7909,699.8236,541.0735,632.44104,617.91754,790.53864,650.35144
458,-1,540.1931,160.50858,961.4456,791.18494,0.99996936,-1,-1,-1,636.63525,391.80948,830.4632,426.7701,699.3258,536.62787,629.0609,616.0372,787.64746,647.9186
459,-1,537.7919,161.64171,959.1968,786.3635,0.9999672,-1,-1,-1,635.4359,388.6937,829.483,424.29172,698.05096,531.9823,626.09375,610.25964,786.4879,642.8057
460,-1,536.16833,160.76453,955.11066,781.5336,0.9999635,-1,-1,-1,633.09485,387.04666,827.8052,421.7581,697.3384,530.4705,624.4497,608.03467,784.94507,639.712
461,-1,534.8973,161.2032,953.3052,778.3357,0.9999609,-1,-1,-1,630.8849,386.3091,826.5403,420.24652,695.6731,529.7767,623.0305,606.7835,784.2108,637.77655
462,-1,533.59247,160.27147,949.5257,777.7589,0.99995744,-1,-1,-1,629.5183,387.21292,825.4136,421.35187,695.3162,530.793,620.5465,607.10706,782.33875,638.22754
463,-1,532.99176,158.48344,947.21075,778.75977,0.9999591,-1,-1,-1,627.49506,389.9978,823.05963,423.0563,692.3883,533.5682,618.71875,609.09607,780.43884,639.3821
464,-1,531.5415,158.98149,948.5181,785.7544,0.9999558,-1,-1,-1,625.7072,393.07666,821.928,425.84454,690.38196,537.13745,616.75775,613.4976,779.6828,643.39154
465,-1,531.69995,159.43343,953.84576,792.05176,0.99994886,-1,-1,-1,624.55115,395.37677,822.0035,429.26822,688.3853,543.196,615.52185,616.7074,780.26666,647.30493
466,-1,527.69086,165.6067,953.4786,798.77295,0.9999522,-1,-1,-1,622.17804,398.31595,819.3114,431.9288,685.9479,547.81696,614.28,621.296,778.17535,651.76294
467,-1,523.8839,170.45456,951.7709,805.674,0.999948,-1,-1,-1,619.3004,402.5855,817.42847,433.91833,684.88873,549.6223,613.94446,626.6104,779.70355,655.32227
468,-1,523.4753,170.40442,951.37494,809.47034,0.99995196,-1,-1,-1,617.2205,406.21472,815.9908,435.59018,682.3302,551.1936,613.8679,630.9478,779.74207,658.1044
469,-1,522.53986,167.59598,947.9705,810.2631,0.9999535,-1,-1,-1,615.61865,410.2807,814.26624,437.42218,682.1233,553.0673,613.91473,633.4429,780.99475,658.7937
470,-1,523.04315,168.00024,948.5969,811.20233,0.99995613,-1,-1,-1,614.6126,412.42877,813.9982,438.2453,681.222,553.5503,613.1794,634.6905,782.00385,658.9099
471,-1,523.6173,168.20415,948.6098,810.4113,0.9999516,-1,-1,-1,613.8472,413.69168,813.4474,438.58554,680.0375,553.90356,612.7821,634.90216,781.8044,658.3085
472,-1,524.2294,171.33406,946.1679,807.772,0.99994767,-1,-1,-1,612.85815,413.74542,812.25574,438.46146,678.9295,553.3821,611.51404,633.17035,780.6919,656.3955
473,-1,524.08124,169.7925,945.5981,807.0136,0.99994755,-1,-1,-1,612.5415,413.9027,811.348,438.76437,678.20575,553.24866,610.94995,632.0521,780.7688,655.47784
474,-1,524.59924,170.46811,944.31616,806.37335,0.9999447,-1,-1,-1,612.2977,413.97922,810.7549,438.9255,677.7287,552.7948,610.5693,632.16235,779.74756,655.5741
475,-1,525.1395,171.30371,944.71967,805.04047,0.99994767,-1,-1,-1,612.3441,413.5563,810.5446,438.33176,677.257,551.9483,610.6721,631.2956,779.6214,654.55994
476,-1,525.59534,171.44109,945.7947,804.9327,0.9999504,-1,-1,-1,612.6905,413.05954,810.91455,437.2174,677.5925,550.49054,611.611,630.9219,780.57733,653.6687
477,-1,525.9741,172.137,945.56824,803.6125,0.9999536,-1,-1,-1,613.5995,412.81793,810.85925,436.988,678.3997,549.9743,612.7227,630.2041,780.5603,652.9669
478,-1,526.04126,172.91861,944.79297,802.62445,0.99995196,-1,-1,-1,614.1251,412.09848,811.45685,436.66968,679.3106,549.4627,612.86896,629.55334,780.42786,652.6546
479,-1,526.2249,172.81001,944.4855,802.55334,0.99994993,-1,-1,-1,614.8456,411.5906,812.1284,436.30203,680.63367,549.26886,613.6986,629.3192,781.24097,652.4975
480,-1,526.09937,173.75948,945.0381,802.4242,0.9999497,-1,-1,-1,615.4115,411.25644,812.7216,436.12045,681.9193,549.5715,614.51276,628.9106,782.07465,652.1381
481,-1,526.38806,171.97902,945.06714,802.114,0.9999511,-1,-1,-1,616.097,411.38794,812.90173,436.2099,682.40027,549.0887,614.9194,628.57324,782.3393,651.75696
482,-1,526.37933,171.27124,944.16675,801.30817,0.9999492,-1,-1,-1,616.4635,410.7927,813.3099,435.5761,683.8637,548.53015,615.39294,627.73157,783.2695,650.8412
483,-1,525.87225,171.44193,944.3534,801.0368,0.9999497,-1,-1,-1,616.60535,410.2291,813.5548,435.31644,684.1135,548.00415,615.20795,627.11664,783.3712,650.5312
484,-1,525.74756,169.22395,943.2053,800.1114,0.9999515,-1,-1,-1,616.53436,409.88535,813.33704,434.9278,684.3406,547.7965,615.03845,626.1786,783.2746,649.5676
485,-1,525.3939,167.66104,943.61206,798.1551,0.999951,-1,-1,-1,616.5671,409.83926,812.721,434.6322,683.66846,546.96173,614.93396,624.85455,782.64014,648.10474
486,-1,525.91833,167.20479,942.68884,796.7494,0.99995077,-1,-1,-1,616.7725,409.56018,811.9253,433.97568,683.45795,546.35004,614.7441,623.589,782.20776,646.5095
487,-1,527.2261,166.41223,942.6346,793.7864,0.9999496,-1,-1,-1,617.3548,409.0363,812.06934,433.63416,683.489,545.331,614.2965,621.20557,781.9067,644.2519
488,-1,526.65704,168.66917,948.00146,785.5228,0.999944,-1,-1,-1,616.6425,405.98245,811.07184,431.08292,679.4063,543.1658,615.3481,619.90826,775.6304,643.56055
489,-1,527.8362,170.59161,946.6109,784.3547,0.99994266,-1,-1,-1,616.8429,405.1577,811.36066,430.31567,679.8382,542.3894,615.00525,618.9458,776.0408,642.63245
490,-1,528.0037,169.42229,946.98956,783.37555,0.9999453,-1,-1,-1,616.9502,404.5399,811.6986,429.48,680.0652,542.07886,615.15155,618.2462,776.3301,641.78
491,-1,529.24634,167.73634,947.52924,782.78204,0.9999471,-1,-1,-1,616.9973,403.89444,811.3653,428.3622,679.5573,541.30206,615.45355,617.5718,776.63635,640.64514
492,-1,529.3993,166.56264,947.40015,781.34436,0.9999485,-1,-1,-1,617.31177,403.85464,811.1948,428.21555,679.8698,540.18054,615.76495,616.8278,776.4038,639.80164
493,-1,530.1688,167.85712,946.14557,780.0641,0.9999435,-1,-1,-1,617.87976,402.90417,810.92896,427.7175,680.14075,540.13043,615.81793,615.40173,775.96454,638.6879
494,-1,530.5146,168.2268,945.46356,779.09467,0.9999449,-1,-1,-1,618.38104,402.3225,810.91486,427.46085,680.5228,539.59247,615.94525,614.5359,775.5592,638.05347
495,-1,530.6999,168.08766,945.0729,778.58746,0.9999485,-1,-1,-1,618.60406,401.84875,810.7534,427.16687,680.7252,539.2349,616.07855,613.67914,775.7596,637.3031
496,-1,531.1267,166.90236,946.1819,778.14667,0.99994993,-1,-1,-1,618.7754,401.79102,810.92444,426.9265,680.56384,538.511,616.40906,613.2762,776.0935,636.70447
497,-1,531.64484,166.42955,947.0231,779.00366,0.9999496,-1,-1,-1,619.1217,401.33685,811.1406,426.56152,680.38434,538.4617,616.69635,613.2926,776.6885,636.8429
498,-1,532.48425,167.86942,946.8099,779.2488,0.99994755,-1,-1,-1,619.41565,401.20102,811.37683,426.59525,680.50586,538.2434,617.0485,613.7444,776.5443,637.3735
499,-1,532.6663,167.22858,947.5481,779.9037,0.999948,-1,-1,-1,619.41327,401.411,811.6936,426.56424,680.68463,538.197,617.4439,614.2212,777.1904,637.6591
500,-1,532.34424,168.23006,947.6953,781.1153,0.99995005,-1,-1,-1,619.54,401.68307,812.073,426.7719,681.32764,538.66614,617.87787,614.953,777.6142,638.3599
501,-1,531.9425,169.11066,946.9488,782.50476,0.9999517,-1,-1,-1,619.6823,401.5467,812.2883,426.7743,682.2184,538.76514,618.12244,615.5572,777.8735,639.0543
