1080,1920
0,-1,680.40436,213.61865,1050.0538,678.098,0.9998258,768.59503,380.5336,935.2638,355.18854,863.7318,479.8811,823.26715,568.44336,946.25214,543.84143
1,-1,679.63385,217.24742,1049.0115,682.832,0.9998109,768.7161,381.48212,934.4086,356.10715,863.61475,478.43182,825.27966,572.15015,945.13074,547.72076
2,-1,678.7464,210.2409,1048.7823,687.1157,0.9998419,769.95734,381.04175,934.109,354.56183,865.8303,474.67432,827.5168,572.8197,946.494,547.5993
3,-1,678.8722,210.25215,1048.7615,686.95715,0.9998419,769.7907,380.99622,934.0012,354.4679,865.6231,474.61337,827.56055,572.8774,946.38513,547.6033
4,-1,678.246,195.37758,1045.7535,685.56964,0.9998944,774.3141,378.25183,936.87976,352.16452,874.2842,475.32523,828.8486,569.7507,948.3421,546.1831
5,-1,682.5318,183.59102,1047.3036,681.7142,0.9999027,780.05554,377.7953,942.5061,348.18073,882.74725,468.46762,833.184,563.13806,957.19684,535.62946
6,-1,686.59827,168.50229,1059.4413,677.7786,0.9999181,789.1866,379.80414,951.08325,349.62378,893.29944,467.5145,844.7908,560.13074,968.8677,532.2317
7,-1,693.7531,168.46887,1059.4166,676.252,0.9999125,798.26526,376.80048,957.6941,345.80215,905.1084,461.86646,853.7221,556.8641,977.1638,527.93085
8,-1,700.9654,171.66646,1057.6718,675.731,0.99988747,805.3316,373.49725,965.59125,342.23483,916.2101,458.19077,862.15356,560.02783,982.1233,530.44836
9,-1,700.3577,171.22104,1059.4473,675.36774,0.9998969,805.3521,374.18967,965.53894,342.41602,916.2398,456.9241,863.63855,561.3334,982.52264,531.308
10,-1,706.0113,169.95422,1058.3539,670.4104,0.99988735,810.53357,370.81155,969.1023,339.28748,921.3599,458.25186,867.9147,557.827,984.9417,527.98016
11,-1,709.5278,182.79794,1057.3755,664.6968,0.9998211,812.80145,369.03928,972.50793,337.42175,923.66833,458.29935,868.6365,555.65314,985.78503,525.8444
12,-1,711.4339,180.49135,1058.6106,662.1048,0.999811,812.3878,369.54083,972.2779,337.77597,921.82544,460.5785,867.6883,554.71497,984.9183,524.751
13,-1,709.13434,181.28308,1058.823,665.0985,0.99983454,811.068,369.1647,973.27673,339.44595,921.07166,461.939,865.8199,556.6692,984.07733,528.37415
14,-1,706.71,179.42078,1059.7609,667.1837,0.9998603,809.20984,370.75314,970.9684,341.92142,917.8076,463.22623,864.62634,558.4784,982.04016,531.04016
15,-1,705.03046,182.70132,1058.8718,669.2679,0.99986994,812.2785,371.04608,971.4747,344.27847,922.56635,464.3388,868.6849,564.0777,981.31665,538.8594
16,-1,704.6552,180.923,1063.993,675.28107,0.99988985,806.1535,372.2275,968.8996,344.7522,912.97437,463.65427,861.92365,563.1207,981.0142,537.0268
17,-1,700.6676,176.9523,1064.7996,685.60675,0.9999207,802.966,374.2747,966.512,346.9699,909.6463,464.13538,858.6199,566.9695,980.09216,541.0059
18,-1,698.6325,173.37746,1064.513,690.46844,0.9999318,799.15607,375.5057,962.8087,349.12784,903.47833,467.25644,853.3274,568.74835,975.822,543.8221
19,-1,697.4265,175.37202,1063.2404,689.84595,0.9999269,797.5419,375.76926,961.2689,350.80887,900.7403,468.13803,851.12646,569.42615,972.39166,545.8598
20,-1,695.76013,178.5993,1063.1589,685.39496,0.999915,794.89075,375.90494,959.5425,349.45453,898.26984,469.00583,850.75433,570.35474,969.8898,545.6567
21,-1,695.90045,176.71109,1064.111,684.42004,0.999918,794.9494,375.92966,960.01935,349.73346,898.2582,469.17697,851.02844,570.1419,969.911,545.4952
22,-1,695.3431,181.58394,1061.6754,677.01495,0.9998876,791.83276,376.83505,957.551,349.67917,894.1842,469.42255,848.38794,569.3966,965.0983,544.06525
23,-1,693.70123,178.06598,1058.7015,679.2415,0.99990094,789.41785,376.86206,954.26263,350.23883,890.4957,469.03894,845.2321,569.6095,962.32623,544.63257
24,-1,691.7293,184.69118,1062.5219,697.11816,0.99991405,788.5824,376.52866,956.77136,350.17514,889.185,470.85846,842.9499,578.0346,964.09814,553.73193
25,-1,690.9645,201.2923,1058.9604,694.51917,0.99988365,779.61597,375.1743,950.68304,348.8033,879.4384,463.0243,835.99054,577.39325,959.58295,552.1632
26,-1,689.0332,195.6782,1058.0148,697.4946,0.9998957,778.62823,376.07364,948.804,348.64746,879.35223,464.8817,837.0142,580.64966,958.31415,554.54297
27,-1,688.8544,197.6192,1057.3156,699.6489,0.9998896,778.4839,375.9704,948.6917,347.38934,880.3855,465.62866,837.6403,581.1635,959.8705,554.08374
28,-1,685.2262,185.57805,1057.1139,692.0968,0.99987733,779.2753,376.13275,945.6538,346.66125,882.4116,470.12878,843.2948,578.3695,958.13324,552.1579
29,-1,686.9147,194.41335,1051.9006,685.1076,0.9998535,778.85,377.1435,942.5917,347.93726,878.97034,472.4887,839.4695,575.36835,953.61615,547.70776
30,-1,686.2871,195.22762,1052.7872,686.26,0.99986386,777.60016,377.24802,941.70526,347.16248,878.24475,471.5146,839.7783,576.6447,953.65265,548.1804
31,-1,684.60516,192.78654,1052.6743,684.7993,0.9998914,775.6834,376.75558,941.1074,348.62982,874.7375,469.85773,835.42737,575.7743,950.1052,548.89386
32,-1,684.18115,201.1199,1048.5562,682.5584,0.9998623,774.9929,376.78433,940.4231,349.85834,875.032,470.6382,835.04114,574.99176,949.3815,548.986
33,-1,683.8518,201.14859,1049.4207,681.5027,0.99986553,774.9478,376.66388,941.65063,349.56934,875.6653,473.10162,835.26996,575.48846,949.5822,549.3854
34,-1,684.21466,199.10376,1047.4054,682.0428,0.99987197,774.5964,376.3694,939.6972,349.32266,874.7911,473.16446,835.53754,575.1095,949.1205,549.1048
35,-1,684.1545,194.53206,1043.6199,681.6149,0.9998635,774.5816,376.93488,937.1891,348.56784,875.112,471.1814,836.59845,574.2543,948.4046,547.0796
36,-1,683.92773,199.06776,1043.4872,678.86066,0.9998406,774.91125,377.3907,934.9252,349.58936,873.5758,468.6938,837.993,572.207,946.0709,545.89667
37,-1,683.77905,198.53949,1046.994,683.17975,0.9998684,774.45416,377.42407,934.5123,349.8084,871.2679,469.79523,838.08936,574.2256,945.83966,548.34686
38,-1,682.58655,193.83871,1050.2644,684.808,0.9999025,773.48224,377.67508,934.27075,350.53452,869.10394,470.73535,836.21625,574.7509,944.93115,549.39514
39,-1,681.4832,195.34995,1056.3328,684.2221,0.9999118,773.00775,378.87897,935.47314,351.34195,868.0015,470.98553,836.2263,575.0625,946.2667,549.35236
40,-1,681.49646,197.3613,1054.6912,682.94556,0.9999014,773.15643,378.71118,935.2345,351.53693,868.3559,470.861,836.39716,574.92303,945.45636,549.46735
41,-1,681.8989,197.78293,1049.4738,681.88745,0.9998746,772.7107,379.05576,933.0509,350.22675,869.4036,470.16025,837.5255,574.1854,945.6972,547.34534
42,-1,681.17285,189.66148,1051.2291,681.41296,0.9999051,772.3686,378.08667,932.81665,350.7966,867.45557,469.5822,834.73303,572.81165,943.49255,547.2758
43,-1,680.6297,192.1314,1046.6774,679.39154,0.9998846,772.4675,376.76123,932.1587,350.56952,868.14325,469.87048,833.35443,570.1813,942.16504,545.54395
44,-1,679.48285,192.17012,1047.9172,681.7781,0.99989784,771.67236,376.64944,933.0801,349.73224,868.65314,469.9258,832.74133,571.1618,943.71893,545.7871
45,-1,679.703,194.27147,1048.5383,680.3761,0.9998919,771.6101,376.59573,933.4918,349.97195,868.2472,470.27005,832.62854,570.8692,943.55005,545.7526
46,-1,680.2912,194.3326,1055.4108,681.6613,0.99990296,771.2146,377.7592,935.48663,349.28323,867.6096,470.88437,834.5442,574.0303,946.1715,547.3099
47,-1,680.0221,192.47452,1050.2836,677.4096,0.9999018,770.5991,378.20154,933.9245,349.7836,867.8655,473.9829,832.4928,571.9903,944.9966,545.024
48,-1,679.78925,194.63142,1051.9719,678.40985,0.9999058,770.58167,378.57376,934.3488,350.20367,867.62585,474.14273,832.58124,572.48145,945.50854,545.5907
49,-1,679.6638,196.45946,1054.8131,681.9613,0.9998963,770.8377,380.3515,935.114,350.12524,868.5642,472.32495,835.0123,574.3843,948.62604,546.2308
50,-1,679.10944,198.90334,1056.5815,686.9524,0.9999,770.07434,382.19714,935.09814,351.53757,867.7698,473.82416,834.3688,577.46936,949.8524,548.79114
51,-1,679.41943,199.08643,1055.1649,686.0173,0.99989414,770.1552,382.13986,934.7738,351.47177,868.0115,473.78918,834.3612,576.9332,949.6378,548.19727
52,-1,679.48334,200.77638,1054.1356,688.4824,0.99989426,769.80524,382.6777,934.21027,351.35684,868.3186,473.69864,835.0742,578.41394,950.30273,549.0887
53,-1,679.7315,200.98946,1051.2878,684.446,0.9998859,769.87115,382.8569,933.4782,351.40167,868.77747,473.61133,834.4574,575.97626,949.94507,546.38025
54,-1,679.5332,200.11954,1050.1156,683.59863,0.9998841,769.8889,382.6363,933.43286,351.29926,869.10205,473.80945,833.6662,574.8205,950.0417,545.2685
55,-1,679.93335,200.55568,1047.548,684.5028,0.9998667,770.0364,381.96396,933.73584,350.59525,870.2074,473.11554,833.026,574.37994,950.5196,544.8989
56,-1,679.3808,197.37321,1048.5521,686.24005,0.99987936,770.6828,381.02103,935.37415,350.51398,870.8885,472.9951,832.3636,575.0879,950.82104,546.2243
57,-1,678.93756,197.4014,1048.5153,685.89014,0.9998783,770.66644,380.9227,935.3992,350.27582,871.05536,472.89835,832.40906,574.9157,950.9345,545.9276
58,-1,678.6578,193.67166,1048.7748,688.78534,0.9998981,770.3875,380.87787,935.3184,349.80194,871.2662,472.87936,831.625,575.0225,951.98413,545.635
59,-1,678.7141,194.54814,1049.7687,690.29193,0.9999027,770.4006,381.04388,935.51263,349.64984,871.2346,472.75916,831.6399,575.3179,952.8538,545.65247
60,-1,678.841,194.64726,1051.4133,690.7929,0.9999105,770.6156,380.9134,936.30225,349.71152,870.9351,471.85132,830.84875,574.6991,953.5779,545.2165
61,-1,679.31116,198.74588,1051.6592,689.6146,0.99990356,770.5328,380.83652,936.61066,349.95776,870.5999,472.05103,830.8784,574.61487,953.3929,545.3821
62,-1,679.1228,198.99754,1050.8157,688.78436,0.9998994,770.76227,381.0656,936.294,350.26337,870.9817,472.07993,831.6382,575.1039,952.73083,545.96484
63,-1,679.30884,200.17213,1050.7793,688.64105,0.9998969,770.74884,381.03592,936.38184,350.2533,870.9793,472.2008,831.7385,575.14276,952.84296,546.03467
64,-1,680.14014,201.33667,1048.2891,685.51373,0.9998789,771.4443,380.9048,935.7241,350.7006,871.48566,472.97714,833.028,575.36743,950.56586,546.7004
65,-1,680.4049,202.1175,1050.4001,681.74915,0.99986875,771.3762,380.52982,935.9587,351.10516,870.30707,473.54962,834.3257,575.8589,948.60486,547.8793
66,-1,680.17755,201.9868,1051.8502,681.1265,0.99987435,771.2196,380.3805,936.1879,351.2488,869.7688,473.42987,834.7642,576.401,948.12256,548.5529
67,-1,680.4407,201.22977,1051.4712,682.5114,0.9998733,771.1338,380.10336,936.0614,350.38434,870.1147,473.51453,835.45496,577.0601,948.699,548.84625
68,-1,680.5879,200.13081,1049.8501,683.07275,0.99987257,771.2143,379.4423,935.60376,349.70947,870.3246,472.56546,834.9143,575.8967,948.6897,547.7826
69,-1,680.7442,200.10602,1049.8687,683.4206,0.9998728,771.24554,379.49347,935.6416,349.8363,870.3425,472.58774,834.84406,576.0579,948.79144,547.9862
70,-1,680.4152,199.82066,1048.713,682.9725,0.999871,771.275,379.4594,935.5349,350.2184,870.48773,472.64966,834.2652,575.50195,948.4055,547.71155
71,-1,679.5204,198.817,1047.119,681.7651,0.9998741,771.30896,379.89722,935.2889,350.97675,871.05536,472.6635,833.37366,575.04736,947.73126,547.4389
72,-1,678.758,198.60887,1048.6409,681.67163,0.99988616,770.3799,381.36948,934.2382,351.81573,869.63544,473.24078,833.1266,575.5087,947.3758,547.3844
73,-1,678.93115,200.84068,1046.8722,680.946,0.99987006,769.8729,381.22537,933.5978,351.70926,869.09064,472.69946,832.27655,574.86945,946.90405,546.7815
74,-1,678.1516,201.515,1047.1704,681.64484,0.99986744,769.2863,381.12634,933.5178,351.4389,868.6921,472.26773,831.70636,574.8659,946.8829,546.71594
75,-1,678.05774,200.85225,1046.9987,681.72125,0.99987066,769.3178,381.14062,933.4658,351.63483,868.6543,472.22354,831.2826,574.5574,946.74603,546.5831
76,-1,676.4664,200.09978,1046.7655,681.20264,0.9998772,768.3937,381.25388,932.7008,351.73553,867.84454,472.28217,829.8261,573.5921,946.0561,545.58203
77,-1,676.2949,200.05885,1043.5542,681.1342,0.9998661,767.20734,378.9021,931.4492,350.4867,866.36224,471.08734,827.1457,571.6638,944.0942,544.779
78,-1,677.22266,207.7412,1046.9258,678.0748,0.99984705,766.2492,375.2139,932.8741,346.57474,865.4634,468.44077,827.1113,567.5045,946.63727,540.66797
79,-1,676.30945,193.76515,1048.8589,674.7,0.99988985,766.5072,373.62796,932.7641,343.42624,866.1858,464.13397,827.51294,563.014,947.5663,534.86664
80,-1,679.4005,186.85252,1049.0525,674.19556,0.9999002,767.0755,370.7203,932.5276,340.87405,865.23926,462.343,827.68665,561.86755,947.1535,534.00806
81,-1,679.36426,186.41849,1049.5396,673.65137,0.99990237,767.2851,370.52066,932.7023,340.80945,865.2906,462.3008,827.66833,561.46765,947.03094,533.7583
82,-1,680.6442,188.43517,1049.449,674.73737,0.99989593,768.17944,368.91452,934.2847,338.5678,867.642,461.34564,829.54285,561.802,949.44684,533.3722
83,-1,677.66156,177.17665,1044.9808,671.9671,0.99990535,769.45856,366.33734,934.7239,337.23706,871.06415,459.715,829.3866,559.10846,948.03564,531.6685
84,-1,676.0155,177.0844,1047.4302,670.15765,0.9999074,768.64374,364.4901,933.61316,335.95856,868.8907,458.6838,828.16406,556.44977,947.16113,529.7826
85,-1,672.77814,178.69308,1048.255,669.4025,0.99991035,765.1721,365.25797,931.3445,335.89267,865.4624,460.12924,825.43994,555.9873,946.2203,528.84735
86,-1,669.20557,179.35924,1042.2118,668.47363,0.9998896,760.9282,368.62778,926.5566,337.22952,862.947,460.4805,822.8335,557.4129,943.63684,528.5507
87,-1,669.5514,179.37115,1042.349,668.5032,0.9998889,761.12445,368.4952,926.7009,337.2527,862.9566,460.67407,822.7722,557.3222,943.58417,528.6353
88,-1,665.7479,179.31566,1036.875,667.93884,0.9998896,757.9659,370.14273,923.87384,337.15552,862.0909,461.36493,820.57104,557.2215,942.09827,527.0226
89,-1,664.6698,182.77835,1033.1156,665.10376,0.9998597,757.5044,370.24603,922.6818,337.5352,861.9335,461.13614,819.55066,556.32574,939.6791,526.3601
90,-1,663.86505,183.37206,1035.3052,661.3769,0.99986863,757.3872,370.13098,921.508,337.10477,861.763,462.2048,821.9698,555.4865,938.58875,525.1963
91,-1,664.2661,185.70103,1035.0549,663.1371,0.9998559,758.60596,369.6013,923.3327,336.2309,864.5707,461.82184,824.70654,557.1974,940.49976,526.58545
92,-1,665.77985,185.6707,1036.422,663.832,0.9998548,760.27136,370.02045,924.6294,336.4565,865.76166,461.6873,826.3055,558.16077,941.3839,527.4667
93,-1,665.87427,186.27615,1036.714,663.80084,0.9998523,760.59033,369.85428,924.9468,336.64075,865.97125,461.37006,826.3036,558.0106,941.3461,527.60815
94,-1,666.6047,180.96059,1036.0759,661.97174,0.9998487,760.6031,370.46027,925.13806,336.5072,866.1329,462.60065,827.1519,558.8766,941.0163,527.7821
95,-1,666.96124,183.58919,1037.073,661.34955,0.9998472,760.8587,371.6442,926.2475,336.61356,867.92816,463.50574,828.78845,558.45593,944.30634,526.3641
96,-1,668.0196,185.19331,1038.6013,661.4943,0.9998528,761.5531,371.8932,927.3248,336.43347,868.608,464.79153,829.6399,558.7678,945.41064,526.2067
97,-1,669.2766,184.84102,1038.2456,660.6686,0.9998547,762.1162,372.73587,927.5959,337.22958,869.09766,464.88934,829.837,559.07666,945.415,526.42834
98,-1,669.3691,186.49034,1037.9836,663.039,0.99985385,762.79236,371.74493,926.9197,337.52634,868.3953,463.3811,829.9151,559.6532,943.55853,528.1431
99,-1,669.47986,185.20247,1038.6779,663.82306,0.99986196,762.84656,371.81732,926.9397,337.6461,868.0829,463.2693,829.61914,559.78265,943.6332,528.2911
100,-1,668.66266,182.2172,1036.9972,665.007,0.9998677,763.12305,370.66052,925.65137,337.2077,867.7269,461.6174,828.23193,557.4528,943.0,526.54956
101,-1,668.06415,180.96,1037.5919,668.10895,0.9998832,762.7043,371.25278,925.4931,337.30417,867.9941,461.3828,828.1274,558.2666,944.5046,526.9977
102,-1,666.549,179.94548,1036.3586,669.3363,0.99988186,761.37317,372.0591,924.13184,336.5297,867.4106,461.26218,827.229,558.7814,944.6783,526.2317
103,-1,666.97046,181.56715,1034.1006,672.26105,0.999874,760.29346,372.98492,923.15326,337.01382,866.1066,463.03717,825.6865,560.4168,943.859,527.51514
104,-1,667.0643,188.70665,1033.163,673.8706,0.9998566,759.22595,373.40042,922.6863,337.3572,865.4291,464.61676,825.7542,561.9605,943.96155,529.06726
105,-1,666.73,187.27382,1032.9095,674.2932,0.9998629,759.3455,373.38327,922.5482,337.50058,865.55475,464.469,825.5239,561.8379,943.78033,529.0751
106,-1,665.2077,188.72113,1032.8214,674.8834,0.9998667,758.1005,374.33755,921.8696,338.55914,864.3915,465.45908,825.0458,563.01215,943.0726,530.4452
107,-1,665.0329,188.84912,1033.1414,679.22797,0.999879,758.32996,373.64313,922.54987,339.16452,864.2758,465.07684,823.7327,564.0765,942.7455,532.6152
108,-1,666.3224,175.32957,1032.9143,678.2095,0.99991024,762.85706,372.89493,925.33673,340.01868,869.17706,463.03522,825.7453,563.0565,943.0145,532.6682
109,-1,673.179,172.04115,1043.1631,673.6262,0.9999286,772.0126,368.25854,934.0204,339.54987,873.9452,464.48544,830.02924,558.0661,946.84546,530.93915
110,-1,681.1504,167.0799,1049.6029,666.6368,0.99991095,786.43427,368.1465,947.39526,340.6435,889.396,462.8382,838.34265,553.3001,955.46533,527.2823
111,-1,681.3709,167.59622,1049.71,666.1968,0.9999083,786.037,368.3194,947.3599,340.5551,889.1,463.1802,838.3438,553.4519,955.64044,527.2383
112,-1,693.7841,160.09898,1066.4575,669.2771,0.9999013,800.0163,365.81473,959.77026,344.13788,899.0218,467.1953,851.2141,555.5641,963.9867,534.7988
113,-1,703.98553,164.38054,1070.7733,678.5446,0.9999014,808.3237,360.92374,971.9275,345.2933,906.20776,466.38202,855.53906,562.5242,967.172,546.6419
114,-1,708.3413,173.85896,1072.9458,685.00287,0.9998882,812.71014,359.95312,975.8279,347.86325,912.7627,469.30908,865.8686,573.9957,968.04315,561.91064
115,-1,713.16034,200.19551,1080.3951,687.0371,0.9998037,813.772,364.28516,982.36975,348.87842,911.5049,474.08533,864.8893,576.3185,975.6309,561.0757
116,-1,713.1415,213.85162,1073.451,688.7719,0.99971133,814.02795,367.0007,983.5691,352.88647,914.693,481.91556,865.6426,581.1435,975.8622,566.9499
117,-1,713.2512,215.02885,1073.6774,687.75354,0.9997009,813.9506,367.16238,983.6125,352.5964,914.7651,482.04294,866.0051,580.8076,976.0853,566.2577
118,-1,712.7543,216.3305,1071.8739,688.2248,0.99970204,814.2111,368.8932,982.9279,354.7142,915.4551,484.8648,865.3398,580.8838,975.5225,566.7261
119,-1,712.4002,219.06303,1073.5206,686.1122,0.99971956,812.89044,369.42783,983.2203,355.5479,913.20886,484.19302,861.92755,578.48926,975.47437,564.29517
120,-1,710.99677,218.74991,1071.3071,692.49646,0.99976474,810.12427,369.2268,983.4297,355.78702,911.9852,488.68396,854.3872,576.8842,978.1518,562.80865
121,-1,710.0571,215.74286,1069.5583,694.49133,0.99978167,808.8308,371.17114,981.2852,357.14355,911.4959,489.20712,852.70557,576.56335,979.5543,561.8074
122,-1,710.5527,218.65273,1070.4502,692.2322,0.99978095,809.19165,372.59323,981.2867,359.20258,910.8162,491.51816,852.22076,575.46423,978.8384,561.27625
123,-1,710.3965,218.48077,1070.3438,692.2145,0.9997813,809.1418,372.578,981.1774,359.24606,910.86206,491.4351,852.20294,575.3754,978.8273,561.22217
124,-1,710.3412,215.89037,1070.0367,689.6029,0.9997826,809.8029,373.1666,981.01263,360.26776,910.8721,492.00928,851.219,573.5764,978.3761,559.82605
125,-1,710.20776,217.76683,1069.4506,689.51697,0.9997731,809.47595,373.17636,980.71747,359.95935,910.83093,491.7579,851.60547,573.7205,978.2038,559.67444
126,-1,709.82294,217.59221,1068.9199,690.58264,0.99977046,809.5184,373.38922,980.38306,360.11084,910.9325,491.778,851.30743,573.7949,978.3239,559.69214
127,-1,708.64813,218.44398,1066.9341,689.3639,0.9997638,808.54425,373.65765,979.99304,361.0091,910.5547,493.12982,850.0349,573.6265,976.98303,560.04803
128,-1,706.2411,207.32918,1068.6385,684.8596,0.99975187,807.5405,377.02368,975.58136,363.32047,905.5515,492.3614,849.7121,571.7981,971.1443,557.8178
129,-1,707.20483,217.03825,1065.0474,687.0674,0.9997595,807.26465,374.0205,978.0881,361.66376,909.1791,493.04767,849.4958,572.9881,974.6661,559.6362
130,-1,706.30176,214.25104,1063.6906,686.00903,0.9997693,805.38165,374.1816,975.797,361.5224,906.90924,493.1719,848.1304,572.4449,972.55884,558.90234
131,-1,705.0857,213.83977,1062.469,685.71857,0.99976844,803.8213,373.8403,974.2153,360.36942,906.0182,492.6847,847.4869,571.87024,971.7444,557.734
132,-1,704.86554,216.26443,1062.865,687.7028,0.9997588,802.51324,373.60495,973.3777,359.0448,904.9524,491.6796,847.4875,572.97876,972.08,558.0149
133,-1,702.6096,219.93388,1063.1614,689.70325,0.9997595,800.33875,373.8413,971.92883,358.7133,902.98694,491.375,846.27454,573.7436,971.5203,558.3759
134,-1,700.62616,216.66666,1063.927,692.561,0.99979573,799.1599,374.73416,970.69934,359.8968,900.91345,491.26154,843.93176,574.6875,970.0866,559.71564
135,-1,700.7571,217.02257,1063.5132,692.0799,0.9997887,799.2487,374.58942,970.8312,359.78625,901.24506,491.49158,844.0697,574.481,970.2285,559.5085
136,-1,699.5434,215.97284,1064.8936,694.3848,0.9998041,798.0969,375.00162,969.4379,360.4795,899.0337,492.49622,843.3049,575.29083,969.1255,560.6453
137,-1,697.19916,204.99342,1064.094,699.8409,0.99983096,796.6884,375.47906,964.687,360.15872,894.2454,489.878,840.1982,574.7712,966.2413,559.47894
138,-1,697.2837,218.92175,1063.4951,705.0371,0.99982953,794.9337,373.83295,968.25024,358.59842,897.43164,490.87262,839.2552,576.8015,971.3053,561.6904
139,-1,696.0072,216.62772,1063.3113,709.63446,0.9998492,793.912,373.57486,967.2732,357.7281,896.95935,490.70114,838.5754,578.2152,972.1101,562.62445
140,-1,696.0657,216.06183,1061.2261,709.51166,0.9998424,793.1035,373.08926,966.72797,357.75293,896.1834,492.23544,836.5173,576.52246,971.7881,561.36584
141,-1,696.13184,216.09186,1060.8499,709.34937,0.99983895,793.18463,373.06903,966.5552,357.6785,896.2538,492.11472,836.9357,576.9084,971.45636,561.69507
142,-1,694.79297,217.5923,1059.142,711.01,0.99983895,791.58563,373.05466,966.0838,357.3699,895.8232,492.83383,835.0347,576.604,971.72595,561.17267
143,-1,692.74756,205.89203,1055.301,717.4802,0.9998348,790.54114,372.96002,960.97095,356.2192,891.54156,490.50357,831.42975,577.21765,969.2109,560.7302
144,-1,693.42523,222.53883,1057.6454,710.2674,0.9998024,789.23865,370.9249,965.5015,355.10107,893.88367,491.59766,832.5989,575.3606,970.9407,559.78436
145,-1,689.4595,218.51833,1059.481,708.71576,0.99983466,785.69904,371.86847,962.57916,355.1973,888.506,488.74762,829.24176,577.81067,966.88525,561.29736
146,-1,686.11597,210.45811,1058.2742,706.76025,0.99983215,783.7869,367.737,959.4454,351.4868,888.06134,485.7478,831.975,577.109,962.02826,562.4577
147,-1,685.9662,211.45375,1059.0522,706.72327,0.99983275,783.62726,367.49222,959.458,351.2845,887.6488,485.41122,832.2373,577.1964,961.80646,562.58746
148,-1,685.18036,212.45319,1057.8782,706.2792,0.9998375,783.31006,368.03772,958.63354,351.91898,887.5603,486.3044,830.82336,575.90985,961.7378,561.3597
149,-1,687.5101,222.42242,1055.0681,704.26886,0.999818,784.35657,371.19443,960.9242,354.8448,887.9636,488.67535,825.821,573.72626,966.00977,557.10767
150,-1,686.18353,218.59618,1051.8433,697.8769,0.99982893,783.98956,371.56747,959.98645,354.97998,888.1208,488.81824,823.7957,570.329,964.50806,553.41034
151,-1,685.5633,218.603,1049.8093,695.12823,0.99981886,783.99854,371.6182,959.2544,355.52518,887.79407,489.1616,823.67236,569.77826,962.50073,553.36127
152,-1,684.21704,217.49745,1051.2155,691.1618,0.9998029,782.846,369.98114,956.6011,354.6137,886.4076,487.93744,828.24963,570.318,957.30444,556.2881
153,-1,684.1905,218.04962,1050.8763,691.0825,0.99979705,782.8397,370.01093,956.439,354.48682,886.4816,487.91205,828.32306,570.33386,957.2954,556.17126
154,-1,684.3061,226.14178,1051.9912,692.292,0.9997137,781.40137,368.38675,957.2371,352.95798,885.9805,487.20404,827.9131,570.0581,957.57886,555.6533
155,-1,683.0591,213.53737,1049.1635,695.2448,0.9997634,782.16846,366.0261,957.1673,350.8231,886.4891,482.27484,826.43555,570.2608,956.0551,556.19714
156,-1,680.6163,202.38338,1040.0972,705.926,0.9997795,781.2148,362.17914,953.776,348.26013,882.95355,476.45953,818.5048,570.87866,954.8044,556.70544
157,-1,676.5862,178.44188,1039.7214,708.4807,0.9998714,778.6803,357.84534,948.87787,346.71274,876.678,468.41318,813.73206,569.32227,946.50354,557.7473
158,-1,676.9051,181.17905,1042.7183,699.0705,0.99982554,776.0872,353.1668,947.3286,341.74963,872.1396,463.02896,818.5953,572.455,938.6769,560.7074
159,-1,676.73083,181.31903,1042.6584,698.99365,0.9998253,775.9426,353.22592,947.18195,341.83386,872.0234,463.02573,818.6545,572.5655,938.5052,560.8454
160,-1,676.5778,177.54326,1044.1217,686.72797,0.99980646,774.5297,344.26892,943.0112,336.3103,863.6548,454.20895,816.8428,562.57074,929.7039,554.10657
161,-1,674.4313,171.00406,1044.9767,675.5047,0.99978215,772.2293,340.2549,936.65234,331.93204,859.3147,448.55518,817.7886,552.4232,926.95966,543.76196
162,-1,675.4019,181.14842,1044.9479,659.27673,0.999734,768.8419,338.8901,940.7866,327.19556,858.607,448.8883,815.6478,549.1748,925.47046,538.058
163,-1,672.52747,177.24937,1043.5167,658.1208,0.9997601,769.72455,335.34464,939.01245,326.51532,857.07745,446.95908,810.7971,543.0994,923.00037,534.5265
164,-1,673.6587,180.39185,1044.5139,661.707,0.9998086,768.5933,332.59042,939.2135,324.13998,854.48047,443.1079,806.76056,541.8724,923.15497,533.92816
165,-1,673.70575,180.64201,1044.2079,661.35254,0.99980277,768.6523,332.4979,938.9944,324.24734,854.2997,443.13104,806.7469,541.64026,922.72656,533.8556
166,-1,671.54895,171.87698,1042.199,657.21875,0.99982053,766.54895,330.53497,938.2218,322.83795,852.60785,439.8464,800.2061,534.62427,923.0178,527.17584
167,-1,670.23706,165.9593,1041.4895,656.4241,0.9998398,765.5051,329.41986,939.5565,324.09946,851.41895,439.76425,793.0599,530.1102,923.0352,524.4982
168,-1,670.6353,163.96234,1041.6012,654.4364,0.9998361,766.0918,328.21777,940.37976,324.41425,850.9349,438.8529,790.6436,526.9582,923.0918,522.7868
169,-1,670.28613,162.065,1041.6823,654.347,0.9998387,766.3395,326.5721,940.56006,324.4207,849.6258,438.41458,788.7428,526.0029,921.20306,523.2622
170,-1,670.41376,164.90858,1037.4639,661.0247,0.9998221,766.79425,324.94623,938.5432,324.36612,852.27075,430.31604,788.3899,525.6832,920.5912,524.553
171,-1,670.55225,164.53557,1036.9734,660.7584,0.99982244,766.84375,325.03214,938.249,324.62796,852.07196,430.2926,788.33655,525.7209,920.0346,524.74927
172,-1,670.9125,158.96713,1036.9414,652.65497,0.99982387,767.56665,322.572,939.793,324.0704,847.79926,434.6494,784.6194,522.2063,916.2723,522.6602
173,-1,669.4051,153.59253,1036.972,659.2754,0.99986446,766.6536,321.5149,939.90283,323.07397,846.7336,432.8296,780.82355,523.57654,915.1279,524.0549
174,-1,669.8565,155.55539,1035.4186,657.78326,0.9998497,766.02936,320.5142,939.3354,323.03717,845.4615,433.33078,778.84424,522.29803,913.36224,523.54364
175,-1,671.30164,156.73468,1034.9368,651.0812,0.999843,766.5103,319.69653,938.3633,322.87436,844.2651,431.35495,779.5403,518.59595,911.5859,520.6092
176,-1,671.28613,155.01909,1034.2711,646.94995,0.99984384,767.74084,319.36478,937.52313,323.14288,844.6017,430.72473,780.851,516.5777,909.3664,519.197
177,-1,671.42395,154.93234,1034.0598,647.1268,0.9998431,767.838,319.468,937.5299,323.25177,844.727,430.79065,780.8759,516.4907,909.57745,519.1039
178,-1,672.17645,152.22794,1034.3207,645.00073,0.9998449,769.19977,319.2614,937.8126,324.00778,845.1536,430.71445,781.00574,514.91895,908.32825,518.41
179,-1,672.8279,149.36073,1034.8048,643.2895,0.9998467,770.72943,319.28015,938.15466,325.31622,845.81964,430.46402,781.272,513.7297,907.3445,518.25775
180,-1,672.50464,152.51411,1035.2897,642.5062,0.9998323,771.96545,319.09265,939.1065,326.8657,847.0803,430.17975,782.01636,514.0285,905.7695,519.9538
181,-1,673.22986,152.72897,1036.4381,644.9382,0.9998202,773.5986,318.12347,941.1335,327.15103,848.2649,430.38934,782.8748,515.47626,906.1952,522.43085
182,-1,672.09827,155.32175,1040.0206,650.371,0.9998286,775.7929,319.3878,946.1613,331.68234,856.2684,427.45337,784.3721,513.87537,908.6759,525.3765
183,-1,672.29486,154.8724,1040.2688,650.3561,0.99983394,775.61096,319.5221,945.9853,331.78714,856.0499,427.36832,784.4249,514.0681,908.88354,525.50696
184,-1,672.821,157.98518,1041.0992,649.62854,0.9998091,776.9736,317.92603,948.5293,331.25418,857.9736,427.80228,784.75476,513.4772,909.00214,525.88904
185,-1,676.1467,156.66737,1038.6989,647.1197,0.99979335,778.8716,316.15866,946.7312,327.44504,854.1567,429.7416,786.79205,516.8012,909.16296,525.7623
186,-1,678.91693,160.854,1041.3999,644.5214,0.9997739,780.8711,316.35303,949.0667,328.3498,855.3824,432.00412,788.32104,516.1337,910.79456,525.7697
187,-1,685.00085,156.9888,1045.7799,652.7362,0.9997675,789.11676,320.50342,954.43604,339.47192,863.3252,428.77487,789.499,512.3114,912.81396,529.1932
188,-1,692.1008,165.32841,1045.9163,649.4694,0.99976474,796.6196,317.42123,955.3233,339.18924,864.42194,425.43903,790.09125,505.75015,911.2644,525.7937
189,-1,692.054,165.14796,1046.5786,649.30444,0.9997681,796.6735,317.66287,955.24176,339.65317,864.0113,425.3789,790.2803,505.94675,910.63904,526.037
190,-1,685.8105,159.97533,1051.0364,651.45935,0.9997601,793.40985,318.8888,959.54834,338.37158,869.0859,427.1032,794.286,512.0439,916.48804,529.28503
191,-1,698.67035,162.7889,1051.7927,649.0816,0.99975616,802.22253,316.70956,960.5637,340.2212,868.05237,423.6358,795.6906,506.39594,914.8409,527.6087
192,-1,698.5782,162.42815,1056.3329,651.3822,0.9997633,804.3287,317.49918,964.04285,341.40778,871.3912,425.41006,797.9634,507.43488,918.18445,528.78015
193,-1,697.43304,158.70312,1060.9868,652.646,0.9998035,806.3503,318.40903,966.3041,342.03165,874.4191,426.344,799.3513,506.49,920.84485,527.6646
194,-1,698.7325,158.8532,1064.1371,654.2651,0.9998129,808.5892,319.81384,969.39777,342.5874,877.8927,428.1704,801.56213,506.79297,924.5555,527.2016
195,-1,698.8104,158.9456,1064.5851,654.388,0.9998192,808.418,319.81616,969.53455,342.56326,877.78156,427.91095,801.2571,506.75168,924.61475,527.13196
196,-1,700.3926,154.71687,1066.8083,654.73535,0.9998254,810.6826,320.9636,972.3327,343.45264,881.19824,428.00726,804.6013,507.42017,928.8451,527.6063
197,-1,703.06714,156.61072,1069.3909,654.62585,0.9998248,812.6545,321.4741,975.2148,343.84296,883.1994,428.19574,805.62494,506.84244,931.83655,527.1589
198,-1,708.0007,162.60838,1071.4707,654.8535,0.9997801,814.0455,322.3358,978.10547,344.11276,884.93365,429.53653,807.83057,509.18988,934.8601,528.94885
199,-1,712.40906,165.31842,1072.5787,654.45764,0.9997564,815.9784,322.03824,980.67114,343.7911,886.94977,430.54922,810.3461,510.4457,937.372,530.1198
200,-1,707.9168,167.28754,1071.4355,647.2953,0.9997327,811.00964,318.94998,981.4275,333.18204,885.111,435.89667,814.42847,518.472,939.5612,529.9323
201,-1,708.00085,167.27074,1071.8235,647.16766,0.9997379,811.061,318.9863,981.3982,333.1988,884.895,435.86737,814.5184,518.5041,939.45953,529.9651
202,-1,709.6573,168.65904,1072.6371,646.9723,0.99973255,812.80164,318.53848,983.47986,332.69464,887.1378,435.7429,816.25055,518.943,941.71875,530.371
203,-1,713.96185,166.96965,1074.2856,652.5822,0.9997491,823.7331,320.54984,985.1558,345.33905,892.29205,431.63083,811.4865,504.95004,938.6536,527.38947
204,-1,714.6096,166.28949,1074.1539,652.44,0.9997522,824.27466,319.83148,985.9099,345.10635,892.91016,432.09384,811.6941,504.5955,939.24634,527.36554
205,-1,715.92993,167.71045,1074.7203,652.81506,0.9997626,824.11536,320.19922,985.85657,345.3511,891.5839,431.8012,811.09485,505.13956,938.7722,527.8408
206,-1,716.1504,165.37906,1076.0599,653.30304,0.9997756,823.75745,319.64337,986.1553,344.7581,891.113,431.75034,810.9545,505.51953,939.01843,528.1181
207,-1,717.0054,166.8517,1076.0388,653.2145,0.99977666,824.1821,319.57095,986.36285,344.8496,891.1746,431.82855,811.32635,505.56622,938.8997,528.337
208,-1,717.27686,165.6604,1077.5497,653.92737,0.9997869,824.26074,319.84622,986.159,345.066,890.5045,429.74872,812.00854,506.4071,938.5721,529.14246
209,-1,710.60803,164.22517,1076.5767,654.6001,0.99977607,812.17126,321.25116,984.4496,335.13193,885.2659,436.44427,814.02686,523.98364,941.4271,535.0595
210,-1,714.2418,171.4661,1078.4347,666.3763,0.9997845,814.92786,324.9674,985.3323,349.5549,885.25824,436.80884,807.94745,522.61786,938.6511,544.8838
211,-1,715.9129,169.65045,1078.4392,665.9726,0.9997819,814.3973,324.68372,984.5881,349.72644,883.2296,437.47852,806.5509,522.4508,936.6824,545.2374
212,-1,721.9806,166.24606,1078.296,659.00073,0.99978656,820.47235,322.85083,980.86633,347.33322,880.97546,433.6602,808.68335,513.5276,933.7486,536.0054
213,-1,722.0477,166.44337,1078.3173,658.70844,0.99978465,820.1886,322.7215,980.8268,346.9716,880.8357,433.792,808.5892,513.41724,933.9075,535.7157
214,-1,722.0168,161.72998,1081.0314,653.9183,0.9998029,822.49884,317.69183,984.57574,343.38284,883.65625,427.58157,810.5615,509.02252,935.2336,532.3124
215,-1,724.0602,154.69937,1084.5526,651.7441,0.9998118,824.9265,313.62558,987.08484,340.57715,885.637,424.14426,811.91095,503.85925,937.5067,528.25604
216,-1,722.64484,150.28822,1088.0226,650.55316,0.99982697,826.88104,311.47018,989.1417,338.93243,888.5033,421.89453,813.76624,500.8582,938.988,525.64594
217,-1,724.1455,150.3528,1088.6313,649.7847,0.9998323,828.5653,310.11224,991.06854,337.40723,890.92694,421.03818,815.3229,499.8808,940.7319,524.5635
218,-1,727.5859,150.9927,1090.3584,649.3179,0.99983203,830.6456,309.25485,992.54663,338.05627,891.2216,421.0428,816.07733,499.19293,940.39575,525.1525
219,-1,727.3193,151.36316,1089.7716,649.2051,0.99983263,830.4262,309.12296,992.20056,337.86633,890.9581,420.97223,815.4573,498.74387,940.1405,524.6726
220,-1,726.8948,153.27933,1089.2222,649.4895,0.99983346,831.30963,310.1167,992.4391,339.6797,891.8612,422.1324,816.1061,500.2328,939.1439,526.69415
221,-1,727.9155,158.42874,1087.1344,651.73346,0.9998192,831.052,311.82062,992.9688,341.35712,891.4104,424.94843,814.65955,503.37808,938.8738,529.93304
222,-1,729.1199,163.5437,1087.7344,656.1992,0.9998062,832.0038,313.99176,994.0826,344.7352,891.2124,430.92654,812.9056,507.08795,937.8926,534.8209
223,-1,730.0705,161.41553,1085.5103,660.4151,0.99980205,831.59436,318.03992,992.5448,348.95905,890.28613,436.28482,813.3919,511.867,937.2661,539.7392
224,-1,727.4367,163.12263,1086.7775,662.5172,0.99980885,832.62384,321.7288,992.32935,352.8985,891.334,438.81677,813.9826,513.43866,936.47186,541.3511
225,-1,727.6634,163.20692,1086.0784,662.3378,0.9998017,832.5273,321.6543,992.0652,352.8234,891.2245,438.8502,813.97064,513.47614,936.4637,541.336
373,-1,696.13947,191.09837,1036.6858,678.5663,0.9997576,787.19635,347.89374,946.68024,353.31012,860.6776,460.32428,805.0127,554.8189,914.7428,558.7181
374,-1,695.0537,194.9027,1037.0115,677.1137,0.99973625,786.20416,347.86215,947.3131,353.64252,860.5918,460.534,804.0863,553.8411,915.04114,558.04834
375,-1,694.7184,184.39983,1037.9535,672.09753,0.9997781,787.00757,345.42096,948.0553,350.65015,860.6224,458.89343,803.2001,549.81525,916.067,553.627
376,-1,692.495,182.804,1041.137,671.31696,0.9997663,789.5777,344.96423,950.3476,355.43082,865.3875,457.8591,801.1732,540.89984,916.34595,550.715
377,-1,694.5426,186.74377,1039.7081,675.0247,0.99979633,787.71533,343.9788,949.61035,349.76498,861.7484,458.34702,803.8783,550.246,917.7801,554.4189
378,-1,694.2487,183.7451,1040.0184,676.4562,0.999808,787.5309,343.67557,949.2536,349.50754,860.97217,458.4867,802.6613,549.9343,917.8954,554.15424
379,-1,688.3488,181.7895,1042.6633,681.06903,0.99985445,790.09033,344.51093,952.1859,356.76312,866.1591,457.8798,799.6926,545.8267,915.7434,557.26685
380,-1,689.4811,188.73703,1042.7454,685.4967,0.9998355,790.1494,345.25302,953.0224,357.54163,866.1291,459.01706,799.33307,548.9,916.7319,560.3805
381,-1,690.17914,186.29187,1042.7557,687.6636,0.9998331,790.68805,345.7834,953.274,357.87253,867.1118,459.25876,801.02136,550.8161,917.38696,561.9719
382,-1,688.53687,186.70154,1042.7625,688.6436,0.99984,790.56915,345.78326,953.6255,358.06793,867.6411,459.7421,800.59125,551.4331,917.3832,562.7643
383,-1,689.0101,182.39594,1043.8035,693.60815,0.99984634,790.3788,346.67828,954.8607,358.51938,868.03845,460.10382,800.4956,553.78156,920.06696,564.72644
384,-1,687.38824,182.30078,1043.4791,692.70013,0.9998561,790.08606,346.73325,954.56775,358.62485,868.264,460.09656,800.3057,553.26764,919.7892,564.2951
385,-1,686.9947,181.93465,1043.7909,691.6762,0.9998493,789.37476,347.8389,954.593,359.40973,868.46704,461.01825,800.61304,553.62476,920.8488,564.46466
386,-1,695.2284,183.07697,1042.4902,691.86664,0.9998542,788.99536,348.485,950.3644,353.42413,864.46466,461.67676,806.573,559.90814,919.4964,563.45
387,-1,696.2074,186.18306,1043.6659,686.1464,0.99984324,790.3716,348.82135,951.13544,353.9194,865.3046,462.7022,807.61334,556.2975,921.5708,559.9662
388,-1,694.27594,181.46603,1042.5245,684.4149,0.99984133,787.96765,348.52335,952.3977,353.90198,863.3594,461.35583,802.2019,553.6889,923.47375,557.6645
389,-1,697.34644,188.43272,1044.286,687.7464,0.9998368,791.61,349.34308,953.711,354.6303,868.8517,463.07248,809.5616,557.14294,925.5108,560.7993
390,-1,697.99634,189.95978,1044.1569,689.45795,0.9998305,789.6788,349.5616,953.3599,354.19104,868.0826,464.13135,808.8386,558.1404,925.5694,561.24164
391,-1,701.49084,193.59747,1043.8796,679.44257,0.99977,791.4496,349.4386,954.7773,354.9752,869.9496,465.4392,811.55695,554.96436,926.65576,558.51556
392,-1,701.5356,193.19691,1044.2837,667.6209,0.999754,791.24304,349.97485,957.18744,352.71295,869.1733,468.64368,807.58923,548.1578,930.4829,549.1713
393,-1,698.85693,200.72107,1044.4252,668.0248,0.9997199,792.9491,354.40625,960.72363,361.51334,879.17053,468.33713,810.2789,547.7631,934.83057,554.32806
394,-1,702.91327,195.78346,1045.7533,674.4928,0.99974865,793.45325,349.7238,957.40924,356.06668,873.4502,467.11392,813.094,550.9437,932.05865,554.8654
395,-1,701.798,191.50954,1050.2122,673.32404,0.9997472,793.01587,349.77728,958.67645,353.06436,869.43024,465.13998,810.96326,552.0156,930.427,553.5955
396,-1,702.8034,190.66049,1050.2352,672.06696,0.9997415,792.84015,349.1929,957.9918,353.01025,867.861,465.50986,810.3962,551.2272,929.2885,553.3955
397,-1,697.7613,196.92438,1043.8367,687.8274,0.9997218,791.27527,354.723,960.9027,361.6618,878.382,468.77744,810.2594,559.17816,935.2517,565.70636
398,-1,700.46136,195.30124,1049.8418,681.76465,0.9997547,796.5834,353.58636,961.3972,362.8376,877.67267,466.78967,813.7997,556.341,928.4582,565.14844
399,-1,703.3006,198.26006,1050.1833,677.7471,0.9997223,798.1621,353.38925,962.37634,363.2437,878.56244,467.69693,814.9877,555.30475,927.9333,564.51715
400,-1,701.9625,195.21068,1052.0681,674.9629,0.9997454,798.2512,354.635,962.8401,363.57727,879.4777,468.32535,816.4399,555.0271,929.5097,563.5288
401,-1,701.6238,195.47037,1051.4293,674.1751,0.99972826,798.0289,354.1919,963.56104,363.82596,880.02966,469.79266,815.3714,553.86523,930.6429,562.8109
402,-1,702.05914,195.78423,1051.5178,674.4459,0.9997062,797.5943,354.15668,963.59827,363.5912,879.7655,469.74286,815.4952,554.4514,930.8367,563.1719
403,-1,699.25745,199.27142,1050.3971,686.982,0.99973816,795.5792,354.52026,964.25354,363.43787,881.104,470.2523,811.3292,554.82666,937.5251,563.2233
404,-1,698.6761,198.29561,1051.1825,685.4647,0.99975604,795.9175,354.6143,964.571,364.43573,880.89856,471.20273,810.0386,553.227,937.1622,562.38715
405,-1,698.70026,202.3556,1051.056,680.6724,0.999741,795.6456,356.1862,964.8442,364.75882,881.31177,471.31406,811.1172,551.8345,938.2914,559.98615
406,-1,697.46204,202.19814,1051.2266,679.9712,0.9997341,795.543,357.0907,964.79486,365.4426,881.7065,472.40356,810.695,551.2536,938.68164,559.1944
407,-1,696.7123,201.83131,1052.048,680.6962,0.99974567,795.382,357.45596,964.9279,365.6212,881.9253,472.5271,810.79236,551.4557,939.14874,559.2613
408,-1,696.81116,200.99864,1052.2408,680.9805,0.9997547,795.49426,357.37015,965.01654,365.6474,881.8934,472.42328,810.7842,551.4797,939.2309,559.38104
409,-1,695.32684,202.21931,1052.6002,682.857,0.99977463,795.1361,357.61963,965.22595,365.63965,882.1458,472.34644,810.5856,552.62115,939.19763,560.26886
410,-1,695.3175,202.7442,1053.1595,692.4424,0.99978024,794.5344,357.92245,966.0069,365.44855,882.13696,472.98325,810.2381,557.9957,940.0277,565.0845
411,-1,701.12366,197.72269,1053.738,684.19934,0.99979883,799.9133,358.2653,963.3442,365.66275,878.4221,474.8403,815.22266,557.4148,930.6797,563.42426
412,-1,700.20764,193.0328,1052.4993,684.89166,0.99983597,800.61694,358.13773,963.5139,366.2139,879.34204,475.13522,814.17596,556.54565,931.18964,563.21906
413,-1,694.7291,194.60678,1055.238,693.6563,0.9998288,794.7485,360.19803,966.2295,367.71008,881.83575,477.13812,809.24365,558.58875,941.0141,565.7819
414,-1,700.47015,200.90303,1052.5231,684.78577,0.9997962,799.921,358.30835,963.56793,365.80112,879.0857,476.14203,814.56354,557.11554,931.68396,563.34344
415,-1,693.90985,197.86201,1054.749,693.43414,0.9998098,793.9169,359.76575,966.45496,367.26892,882.1817,476.90717,809.04535,558.5772,941.44727,565.66693
416,-1,700.3103,199.31949,1053.0447,686.15106,0.99981695,799.43164,357.66028,964.5962,365.98672,879.17816,476.029,814.00574,558.0909,932.1145,564.90826
417,-1,699.609,198.13425,1053.0647,689.12213,0.9998154,799.1865,357.64685,964.91235,365.3182,879.7535,474.97284,814.91254,560.29456,931.9203,566.5186
418,-1,699.5265,196.77649,1054.2909,694.1339,0.9998418,799.4385,360.0171,963.59595,366.85855,879.11676,476.0463,815.67126,563.39166,932.1234,569.1729
419,-1,698.8613,196.61592,1054.1523,692.28265,0.99984574,798.895,360.30063,963.8419,366.8094,879.0762,476.33948,815.0319,563.2598,931.8153,568.6822
420,-1,698.68176,196.1253,1054.5714,691.9229,0.99984694,799.34674,360.18292,963.8932,366.52768,879.207,475.48932,815.27356,562.88385,931.84314,568.0986
421,-1,699.0411,192.30383,1055.0203,693.62305,0.99986684,799.94574,360.6255,964.0406,366.78775,879.57263,476.25836,814.8176,563.07153,932.40485,568.2139
422,-1,692.7289,202.26512,1056.0901,699.30963,0.9998202,793.8825,362.71402,967.22,368.16528,882.719,479.80087,809.5983,564.1168,940.8812,569.4209
423,-1,700.50275,201.24396,1056.8602,691.67474,0.9998098,800.2156,360.1481,964.5282,367.07007,878.99097,477.34067,816.22406,564.11066,930.83417,569.8542
424,-1,697.1192,201.69368,1055.8646,688.7027,0.9997985,797.5076,363.17804,965.4204,371.42398,881.1236,478.9225,815.4187,563.57477,933.8097,571.49695
425,-1,697.01404,195.75513,1057.0854,687.7163,0.99984086,797.91455,365.71652,965.5315,372.9516,881.0316,479.87036,817.0615,565.1891,933.9802,572.10486
426,-1,696.79517,198.85724,1056.795,687.07446,0.9998227,797.3115,365.64597,965.80994,372.7233,881.34845,480.13583,817.0182,565.41125,934.5276,572.1372
427,-1,695.5632,198.7977,1056.2953,685.78143,0.99983156,797.0991,367.31082,966.16595,374.63477,881.6748,481.34457,817.32996,566.36945,934.5723,573.0512
428,-1,696.15375,196.94928,1057.1398,686.79095,0.99983466,797.6124,368.61716,966.5657,376.58453,881.7169,483.35236,816.52484,567.0078,934.6825,574.19867
429,-1,696.7873,197.2968,1057.596,686.8291,0.99984074,799.1172,370.83704,966.63586,378.52386,883.2885,484.48477,818.23724,567.0953,935.5029,573.98236
430,-1,699.5858,206.29941,1061.6252,694.2225,0.9997694,800.79126,373.13968,965.46045,379.22067,879.4077,484.58582,816.3756,567.1257,932.9593,573.7921
431,-1,699.5676,208.60979,1063.6976,696.3722,0.9997645,801.0324,371.87692,967.6854,377.45108,882.2861,486.85522,822.0368,570.7777,931.7543,577.15314
432,-1,699.55273,207.73676,1064.2286,696.6753,0.999765,800.8405,372.31113,967.2608,377.1525,881.9604,486.40646,822.7384,571.2417,931.5492,577.07715
433,-1,698.48627,210.56252,1063.7964,701.3442,0.99975663,801.615,374.0196,967.2797,380.11926,883.23615,488.9465,823.88275,576.1971,930.4656,583.0644
434,-1,698.5833,210.20563,1065.2692,703.945,0.9997594,802.00146,374.06512,967.7021,381.24985,882.85175,490.6467,824.53094,579.7042,930.38525,587.4085
435,-1,700.98016,205.8086,1066.2177,699.89954,0.99971384,802.0704,374.2654,968.18665,381.35367,882.36646,491.3675,825.009,578.7211,930.1115,586.06134
436,-1,707.1172,205.05939,1063.3066,692.79956,0.99972945,802.63416,371.8115,967.528,373.86432,879.24097,491.20706,828.9124,580.07184,934.1221,580.82574
437,-1,705.0465,201.15253,1064.7272,698.2073,0.99975914,804.1161,371.99036,966.35034,377.2715,881.0115,481.59625,823.1498,571.64557,932.6873,577.7219
438,-1,706.4569,202.87248,1064.2354,698.2457,0.99973315,804.75714,371.31372,966.42413,376.9112,880.94165,481.81516,823.1416,571.0672,932.66296,577.5144
439,-1,704.64996,195.45148,1064.8899,699.79626,0.9997868,804.2255,362.77988,966.6133,369.64175,883.1595,479.38324,828.2699,574.1145,933.75714,580.42224
440,-1,710.8612,201.00908,1070.4591,698.8906,0.99980444,807.8903,362.02765,976.4948,364.88107,883.52124,479.4496,824.74567,574.8536,941.1714,576.41174
441,-1,709.6225,199.08208,1069.9828,707.88403,0.9998423,810.2914,357.46503,973.5155,368.33585,886.77686,474.69485,827.0901,570.94995,938.83734,580.4685
442,-1,711.0013,193.96805,1070.2795,709.0964,0.99985576,812.7848,355.00986,975.4349,366.53345,888.8617,474.23807,829.7926,571.5258,940.3216,581.46936
443,-1,711.6224,198.10791,1073.1868,712.6957,0.99985754,813.06915,352.9573,977.64087,364.6657,889.97876,473.79407,830.8907,573.2891,942.17084,583.27
444,-1,712.2987,195.34204,1073.8956,712.9578,0.9998548,812.716,353.06256,977.4908,364.65356,889.41785,473.675,830.80475,572.9319,943.0641,582.9698
445,-1,711.8556,192.17682,1072.456,710.68134,0.9998579,813.0592,351.75327,977.0454,363.8019,889.8548,474.1634,831.44666,572.03253,941.8684,582.4555
446,-1,713.5293,193.57257,1071.3693,697.55444,0.9998369,813.3994,350.52115,977.67126,361.39218,890.03174,474.11478,832.3316,567.7017,940.5642,576.8274
447,-1,713.0035,189.50923,1066.8871,685.84894,0.99980956,813.9066,348.43494,976.4574,357.96875,890.54395,471.09387,831.6918,560.76953,939.7309,568.67175
448,-1,713.73566,186.22627,1066.3291,679.8473,0.9998186,813.0281,346.9182,976.17773,356.2027,888.7338,469.97156,829.2252,556.1083,939.3204,563.68414
449,-1,709.9655,185.56631,1067.9852,679.99945,0.99979657,810.47974,348.51514,977.9592,358.33676,891.38025,468.69168,827.28735,553.0018,939.97766,562.36383
450,-1,709.5288,177.30762,1063.813,680.08325,0.99982566,813.507,343.4827,971.36316,357.497,888.3993,467.9837,826.1329,548.9891,934.29553,561.5588
451,-1,712.1592,184.35205,1071.7493,683.6054,0.9997868,815.3279,352.60855,976.9868,365.94165,888.20386,465.30188,823.1728,549.7598,938.12146,561.7355
452,-1,713.21216,188.02443,1066.1049,678.5277,0.9997911,810.80457,343.5876,976.2515,351.89493,888.041,469.30533,828.921,555.14545,940.5479,561.58563
453,-1,711.60803,187.59795,1070.399,674.71765,0.99977237,810.6066,343.60748,978.7262,350.8181,890.89594,463.42902,828.8484,549.6184,938.6186,556.806
454,-1,708.45984,178.41249,1068.6647,675.07367,0.9998354,812.0359,336.1271,973.9691,350.0228,887.2999,463.33694,825.9533,544.1835,934.6221,556.3461
455,-1,707.8037,177.57703,1071.7223,671.6126,0.9998275,811.6462,334.61255,975.97424,348.91403,887.0458,463.62115,825.7319,542.57336,934.75836,555.1557
456,-1,708.8575,182.50632,1071.3495,671.7349,0.9998098,811.4928,334.88303,976.65,348.6555,887.592,463.16473,826.03186,542.7949,935.5342,554.8814
457,-1,713.533,186.15378,1071.6284,665.6574,0.9998292,810.46,337.8172,980.82025,346.48215,885.9538,465.09018,823.8825,545.0342,940.95996,551.3049
458,-1,707.45544,191.25934,1069.9805,669.7123,0.99981564,813.01117,340.1137,979.5013,353.45575,891.85516,458.36542,820.8513,536.5764,940.7638,549.51324
459,-1,704.7618,185.99075,1071.3004,666.4479,0.99979633,810.0367,338.31668,980.33435,348.43985,890.3934,457.89108,821.45825,539.3051,936.1894,548.85455
460,-1,704.56036,199.3609,1069.9741,672.44666,0.9997476,807.7462,339.88272,977.1571,353.08722,885.356,457.47726,814.3132,538.4777,938.12415,551.49133
461,-1,703.6842,202.72458,1067.8652,669.2939,0.99970204,804.3971,337.60602,978.8213,348.57632,885.49115,461.2064,814.83435,541.3257,934.8307,551.52966
462,-1,704.1595,197.81717,1068.4099,670.6277,0.9997305,804.46576,337.58875,978.63086,348.32693,885.2839,460.36957,815.2117,541.7656,935.7931,551.7592
463,-1,700.7503,200.41211,1066.2725,668.87573,0.99973744,803.017,339.11484,977.1502,350.19473,885.68896,462.37515,814.51825,542.3025,934.9265,552.3279
464,-1,700.23615,207.55232,1065.2677,672.6216,0.99970144,801.4263,339.54706,976.52527,350.15762,884.71484,464.25732,813.3259,545.80194,934.46545,555.38605
465,-1,700.24396,206.49721,1064.3041,677.1431,0.99969614,800.6362,338.06915,975.7629,350.49112,882.64746,466.26978,811.9132,549.0393,932.5436,560.13885
466,-1,700.2759,191.66786,1068.232,679.2472,0.9996687,803.859,344.94095,973.48517,359.9309,878.8165,461.57312,807.2593,542.36707,931.39453,556.05536
467,-1,700.1087,207.85448,1059.907,668.6146,0.9996251,797.11383,337.72815,973.0282,351.271,879.0763,466.9327,806.4165,543.52405,927.56024,555.7007
468,-1,698.8723,206.5081,1060.7789,668.4651,0.9996493,797.11743,337.1468,972.4846,350.25662,878.97424,465.7651,806.76807,543.105,928.34326,554.8922
469,-1,696.0806,206.0328,1059.185,671.5662,0.9996593,794.16626,337.36218,970.00696,351.29974,875.27655,466.79764,801.61176,542.3276,927.3456,555.2257
470,-1,689.1157,197.44049,1057.3438,671.2628,0.9996778,789.8684,337.46213,967.2647,351.43265,872.0106,467.11438,797.92737,542.9621,926.1403,555.90607
471,-1,681.8162,197.99228,1053.3666,681.3824,0.9997353,786.91907,338.49094,964.24896,353.5675,868.68945,467.26358,791.3497,545.42163,924.80865,559.68396
472,-1,680.2978,193.1169,1049.0496,693.62854,0.9998281,783.9204,343.119,958.99457,354.74802,868.33606,465.03085,792.729,548.1967,928.1509,559.2209
473,-1,679.68463,193.69829,1046.2747,691.3568,0.99981004,782.3158,342.32373,956.9619,354.83585,866.79266,463.02463,791.04504,547.02325,924.7892,558.84705
474,-1,682.0761,191.08261,1047.7184,681.5907,0.99980515,784.197,338.8954,958.8449,353.57846,864.2557,464.7381,787.953,543.9107,920.2024,557.71063
475,-1,676.70514,179.98988,1044.1932,680.8074,0.99985754,782.7156,339.77805,952.3526,354.26596,861.3044,461.87805,787.1322,540.9483,915.94977,554.44916
476,-1,675.9062,179.67572,1041.4911,677.3346,0.9998233,776.3656,342.09308,946.3433,350.73303,856.2013,460.97836,787.0307,541.5843,915.51196,550.11273
477,-1,677.977,169.2459,1039.0597,670.8208,0.9998172,771.4266,343.28467,940.5726,347.26517,850.9289,458.01062,789.1003,541.5036,913.87976,545.956
478,-1,671.6001,165.51382,1035.4202,659.37823,0.9998259,765.9969,343.069,934.00024,339.2268,847.06573,461.15167,792.8187,544.1656,910.5275,539.9264
479,-1,672.18854,176.07849,1029.654,659.09033,0.99979836,763.67523,341.20938,933.477,335.30008,845.7897,458.16425,791.77386,543.86395,910.21313,537.3044
480,-1,671.0232,161.69156,1028.2062,660.6182,0.99984825,765.0795,340.6194,932.9323,336.27713,846.825,456.2673,790.4121,542.6236,909.8661,537.38885
481,-1,666.89624,145.20349,1030.3164,663.2839,0.9998814,758.2965,337.41684,925.54724,329.93475,840.20953,450.7953,790.128,542.0456,912.4695,533.4996
482,-1,659.1106,149.5707,1032.2549,665.3061,0.99991155,752.36017,339.18536,922.2479,329.53537,835.6431,448.7043,785.221,541.9795,911.5519,531.7022
483,-1,656.2103,161.98654,1026.6545,661.4594,0.99990785,748.20856,341.09216,917.1415,330.20737,832.5686,449.08084,784.14966,542.0734,907.7815,530.6456
484,-1,650.04395,169.1681,1023.4479,657.5298,0.99989486,739.4092,345.04272,909.56305,329.9885,826.1107,446.49197,780.70856,541.21356,905.6524,526.01056
485,-1,643.1872,166.87332,1021.72565,655.9428,0.99991226,734.5191,346.4207,903.9138,329.3084,822.21106,446.46985,777.6878,539.4574,902.66,522.5719
486,-1,642.87933,165.92719,1024.3099,653.539,0.9999255,734.22125,345.832,904.4291,329.0505,821.4123,447.15106,777.35596,538.39166,902.40894,521.8816
487,-1,637.2011,158.21927,1016.0032,652.0895,0.9999013,730.7922,347.00214,894.87585,330.5337,817.29144,446.69742,775.6193,535.4745,896.43976,519.54
488,-1,636.5684,159.31964,1013.17816,652.4298,0.9998808,727.28107,348.25107,891.621,329.63406,814.8976,446.75247,775.12134,537.28723,894.99884,519.5744
489,-1,634.75244,163.22643,1005.9017,653.5874,0.9998541,724.0025,349.76324,888.1681,327.67392,814.2536,447.97348,774.5264,538.3778,894.48126,517.853
490,-1,632.1986,159.98047,1005.68414,658.2037,0.99988246,723.1955,352.29523,887.0493,329.04248,813.96045,448.86734,774.6803,542.2779,893.19824,520.8684
491,-1,629.4903,165.21095,1010.27576,670.3298,0.99991465,722.78296,352.16296,888.59247,328.8112,815.45715,445.89752,775.5155,548.7569,893.0032,528.91455
492,-1,629.23584,164.11769,1008.68994,670.3724,0.9999099,722.4869,352.176,889.1175,328.6552,816.74255,447.23218,775.8961,549.2688,893.7648,529.274
493,-1,630.20966,168.88803,1007.7268,673.42456,0.9998977,716.4389,352.1821,888.41046,326.64072,811.3911,447.9185,771.9772,552.74835,899.63696,528.24664
494,-1,627.65826,171.0672,1007.9157,676.69196,0.99991333,720.5543,351.50797,886.4467,327.21817,814.62476,446.7663,774.90155,550.12225,892.9381,529.5947
495,-1,627.45197,170.79898,1011.8937,677.5431,0.9999281,719.5197,351.1997,886.86127,326.02597,813.35565,446.49173,774.8604,549.9781,894.4678,528.59906
496,-1,627.4238,171.3729,1007.50055,678.5564,0.9999263,719.2372,350.3167,885.5727,325.1349,813.85583,445.7697,774.70105,549.52795,894.2234,528.1109
497,-1,626.9634,167.49338,1004.9609,680.2938,0.9999316,718.9064,348.83893,884.7919,324.3137,813.8,445.12555,774.15216,549.198,893.3525,528.2197
498,-1,625.0531,170.58104,1001.0441,679.71466,0.9999293,717.3241,352.19867,887.3946,324.88055,814.00714,451.01672,771.05145,550.93744,899.93616,525.8261
499,-1,626.5216,166.32085,1003.56866,682.0956,0.9999387,718.3285,348.66727,883.8794,323.912,813.4678,443.8571,773.47943,549.2007,893.01337,528.0269
500,-1,625.5104,167.41252,1003.2172,678.5204,0.9999341,717.0308,348.31708,883.1868,322.81018,812.56274,443.72568,772.8458,547.45776,893.12836,525.53705
501,-1,625.4511,167.29315,1000.7938,677.14557,0.9999255,716.08105,347.8316,882.5807,322.02875,812.57465,444.25983,772.3049,546.5826,893.12506,524.30206
