1080,1920
0,-1,471.5959,451.86636,1232.6885,1044.4124,0.7711273,-1,-1,-1,745.67255,687.7726,867.71985,599.5614,851.9853,620.7741,846.4517,715.6048,971.09827,648.1811
1,-1,471.3936,442.3655,1215.7119,1036.7097,0.60453564,-1,-1,-1,718.96594,706.3207,838.02826,600.83124,827.76855,626.326,850.65674,725.232,958.7653,642.6469
35,-1,406.75848,380.37515,970.6094,1116.0792,0.7058037,-1,-1,-1,531.85486,629.0621,527.7539,673.6061,338.14188,743.65015,461.46356,842.6625,465.04056,871.8775
46,-1,400.08344,498.691,1191.1097,1039.2239,0.6554867,-1,-1,-1,765.69275,617.5105,822.17084,695.47876,699.9936,609.9068,638.856,679.0585,675.7308,743.0009
56,-1,511.22708,516.3414,1374.5897,1014.7476,0.8900121,-1,-1,-1,915.8066,626.0902,1014.1082,654.55334,961.45386,559.6223,871.3756,645.3007,964.59845,675.6586
75,-1,313.725,416.6479,1030.2726,960.72375,0.93649185,-1,-1,-1,616.86346,509.9316,698.9485,594.15674,527.2309,530.15936,456.86853,614.05927,531.06104,677.91583
103,-1,318.67322,494.97296,955.877,1251.7372,0.6335754,-1,-1,-1,471.04837,754.0277,613.81885,831.7291,403.52692,917.3728,389.1544,996.3386,516.8059,1057.0104
247,-1,846.532,155.56786,1137.8484,574.6054,0.9994062,-1,-1,-1,917.54083,331.5938,1050.4719,324.48413,979.4131,394.04807,935.02045,476.55292,1042.7107,470.90906
248,-1,843.3446,157.66576,1133.472,573.5531,0.9993498,-1,-1,-1,911.6337,335.52383,1041.4783,323.8148,971.84875,394.9914,932.58124,477.236,1038.3153,467.81866
249,-1,840.89966,162.32289,1130.5847,571.14777,0.99939024,-1,-1,-1,906.5012,336.42108,1037.8618,324.44162,966.6892,395.81628,929.51526,477.57053,1033.8087,467.92603
250,-1,835.07214,162.86156,1123.8972,571.61334,0.9994319,-1,-1,-1,895.75446,338.3236,1024.2849,323.9065,952.8997,397.97058,923.088,478.15524,1025.5793,466.80096
251,-1,822.2089,165.79599,1109.4412,572.0703,0.9995247,-1,-1,-1,882.1608,342.87766,1009.767,323.2722,940.2202,400.86615,910.758,480.37537,1015.8141,464.6754
252,-1,808.54614,167.41919,1099.2659,565.5041,0.99953747,-1,-1,-1,865.5267,342.6208,996.01685,320.9022,925.42145,401.3485,897.6618,481.82608,1001.42554,463.71173
253,-1,796.41064,168.08784,1086.3765,566.1847,0.99946445,-1,-1,-1,853.88055,343.6762,977.78253,320.04477,910.6781,400.45294,890.00366,478.12753,990.6235,458.86566
254,-1,797.09705,162.39655,1088.6173,562.0058,0.99943036,-1,-1,-1,855.97687,336.0288,981.3279,313.66104,914.1153,394.67224,891.92676,473.3294,993.8388,455.167
254,-1,667.68036,664.0024,1328.944,1084.5134,0.616791,-1,-1,-1,1046.2095,901.26807,1039.4797,908.6259,1039.7385,910.9084,977.8829,860.2245,979.27997,869.4075
255,-1,808.98724,156.76978,1098.1604,543.7482,0.99930334,-1,-1,-1,872.9585,332.1674,997.39264,313.13577,930.57,384.34778,909.64734,474.15207,989.2826,458.7857
256,-1,791.9618,156.09235,1121.2594,556.2362,0.9979358,-1,-1,-1,889.54834,321.6369,1035.6621,307.3265,977.2625,377.0287,926.9588,471.67282,1033.3845,458.6076
257,-1,855.8161,148.62381,1148.2122,561.478,0.9995814,-1,-1,-1,928.26404,322.11923,1062.7053,313.3853,995.8517,390.175,954.3247,470.256,1056.6334,463.4345
258,-1,874.9242,153.3495,1171.8689,570.51447,0.9995339,-1,-1,-1,954.85583,323.19562,1093.377,320.81918,1026.5446,396.07208,974.24976,474.35333,1081.0049,472.3347
259,-1,882.70337,154.54376,1179.0491,578.0971,0.9994035,-1,-1,-1,966.2629,328.97125,1101.9021,330.80972,1036.4999,401.39487,982.53503,481.0846,1087.672,482.2235
260,-1,882.20026,160.353,1182.6185,586.8805,0.9991015,-1,-1,-1,968.1422,335.12512,1104.5323,338.11227,1040.3833,407.69424,988.17926,491.9017,1087.6853,494.27615
261,-1,882.22894,164.8399,1184.7812,600.9817,0.9988508,-1,-1,-1,968.58923,340.94086,1105.4266,342.6253,1040.0668,416.8235,989.8613,501.54193,1089.3682,503.02954
262,-1,887.3641,157.20747,1193.9932,609.7293,0.99878615,-1,-1,-1,975.8756,349.25668,1111.537,346.6766,1047.7683,429.5683,992.9782,508.10944,1095.0586,505.15372
263,-1,894.2021,158.18105,1212.5481,626.01904,0.9993327,-1,-1,-1,987.51654,352.01535,1125.5068,354.27612,1059.0574,429.92145,1004.13916,517.596,1103.0247,518.4418
264,-1,903.1385,155.3724,1220.2042,627.7853,0.99946743,-1,-1,-1,997.7357,352.19876,1137.3923,355.72824,1070.704,431.58096,1009.6899,517.0109,1116.0066,519.02264
265,-1,909.1149,156.26224,1233.7488,632.4727,0.9994604,-1,-1,-1,1006.0349,355.662,1149.8076,359.62277,1080.493,434.18726,1015.94366,515.2477,1128.5073,517.7482
266,-1,911.6857,159.70035,1242.8492,631.653,0.99962056,-1,-1,-1,1007.1721,358.42386,1153.7261,363.7036,1080.728,438.1416,1017.25055,518.22034,1131.4618,521.92755
267,-1,910.8214,166.93993,1235.4292,630.53766,0.9995504,-1,-1,-1,1006.4434,360.11212,1151.4099,364.3981,1081.4722,442.65103,1015.32324,520.42816,1131.6525,522.90106
268,-1,907.82355,168.45366,1235.3331,635.7864,0.99960977,-1,-1,-1,1003.23615,362.61902,1150.5068,366.23416,1079.2661,445.91327,1012.1893,524.05,1132.0216,525.98706
269,-1,905.3452,173.51123,1237.3079,639.6405,0.9996141,-1,-1,-1,997.73334,367.0389,1147.536,369.9935,1073.3014,447.72858,1008.19885,527.6023,1130.3444,529.30396
270,-1,901.2815,179.10509,1233.0403,648.4909,0.99961627,-1,-1,-1,993.28546,373.1786,1144.6783,373.76953,1071.0712,453.82297,1004.0727,533.2791,1130.1904,533.2309
271,-1,893.4477,175.38068,1220.9199,648.33435,0.9996026,-1,-1,-1,986.9802,379.35413,1135.4988,379.1502,1064.3931,463.67444,997.4779,538.0079,1117.6083,536.82574
272,-1,886.1219,175.53653,1213.7157,651.31964,0.99959964,-1,-1,-1,981.2868,382.02628,1128.9592,381.7533,1058.4768,465.9762,990.2494,539.3926,1110.8596,537.93823
273,-1,884.1569,177.19345,1213.1558,646.9112,0.99956316,-1,-1,-1,976.74475,377.86298,1124.8003,377.01868,1052.4601,462.83966,989.0577,536.6827,1106.6389,534.75085
274,-1,887.12103,175.12184,1215.8762,636.0197,0.99955636,-1,-1,-1,974.71594,373.85532,1126.3241,370.85938,1053.036,454.13773,990.4524,532.9932,1111.9268,529.24817
275,-1,886.31683,172.03897,1216.2218,638.01666,0.9995721,-1,-1,-1,975.0344,371.4678,1125.1501,368.68253,1052.0704,450.53064,990.2838,531.1549,1110.1465,527.68677
276,-1,883.65106,173.39091,1213.5231,637.8783,0.9995117,-1,-1,-1,973.14813,371.7962,1121.2792,369.56934,1048.691,451.0154,989.05084,531.75165,1105.2855,528.9173
277,-1,878.85846,186.2279,1212.3083,640.3075,0.99951506,-1,-1,-1,967.55676,369.4844,1115.2938,367.38248,1041.3605,447.72906,985.79694,531.6538,1102.5673,528.8272
278,-1,875.7302,186.20026,1208.8503,642.68555,0.99956185,-1,-1,-1,961.96747,370.326,1110.2966,368.2279,1034.1173,449.20517,979.8327,533.0743,1097.469,530.68207
279,-1,870.19135,176.48073,1196.4407,642.4821,0.9995111,-1,-1,-1,957.79956,372.99185,1101.5125,369.75095,1029.5679,453.34274,976.47504,533.6928,1085.64,529.9949
280,-1,863.77655,175.87062,1191.0807,644.60284,0.99952114,-1,-1,-1,953.0818,374.79047,1096.0371,372.17926,1024.0543,458.60605,971.5299,536.45953,1078.7036,533.1522
281,-1,860.05054,180.39427,1182.3962,646.10126,0.9993993,-1,-1,-1,947.5188,376.89468,1089.3145,375.49945,1017.5481,462.13724,965.6083,539.5464,1070.3787,537.1833
282,-1,854.7203,178.29999,1173.8672,646.99634,0.9992576,-1,-1,-1,940.4138,377.0739,1083.249,375.34283,1010.8659,463.25583,958.2874,540.5414,1064.8435,537.9483
283,-1,846.7563,175.19202,1171.6135,642.5035,0.99944824,-1,-1,-1,933.3395,377.81763,1076.4556,371.37183,1005.2053,459.74414,953.191,538.56024,1063.5137,532.0026
284,-1,843.68176,176.14711,1167.1425,644.3229,0.9995598,-1,-1,-1,927.7345,378.01068,1071.8071,372.5177,999.4376,463.1356,946.2643,538.4317,1060.301,532.5633
285,-1,840.3047,176.7061,1161.62,646.7045,0.99952304,-1,-1,-1,923.75494,377.24704,1066.8424,372.29846,994.5715,461.9442,942.3912,538.24066,1055.2639,532.9436
286,-1,840.07965,178.69542,1161.5355,647.2509,0.99957496,-1,-1,-1,922.86816,379.82443,1065.181,374.59088,991.8937,460.8977,939.57043,536.9693,1053.9606,531.58716
287,-1,839.47205,178.33649,1157.9945,648.66785,0.9995246,-1,-1,-1,922.9179,382.3545,1065.7041,377.9879,992.62805,463.0993,934.79346,534.63055,1054.3739,530.2278
288,-1,836.52106,172.7443,1160.3524,647.002,0.99961215,-1,-1,-1,921.2295,379.3932,1064.7336,373.4185,992.28973,460.30032,935.7468,532.34247,1056.2852,526.2558
289,-1,834.0175,184.03801,1156.1047,642.8403,0.99948907,-1,-1,-1,914.9623,376.69318,1063.0573,370.95392,988.0537,453.37845,929.3032,531.3026,1056.7716,526.206
290,-1,826.40063,170.37086,1147.9602,641.0379,0.9993606,-1,-1,-1,909.2907,371.32495,1053.9542,363.94363,982.8041,452.20288,927.8142,525.48834,1046.4617,518.02936
291,-1,822.10693,172.98853,1149.0736,633.328,0.99931884,-1,-1,-1,904.66925,365.883,1050.0162,358.74924,979.0974,441.19077,924.27094,521.4668,1046.3386,514.2417
292,-1,817.64374,169.97734,1143.4233,625.8534,0.99934286,-1,-1,-1,900.0894,361.76303,1043.8507,356.54367,972.2612,438.35822,918.8933,516.9566,1038.2089,511.57574
293,-1,819.0849,173.78029,1136.0576,612.64746,0.99912745,-1,-1,-1,895.5182,358.0095,1039.6349,352.29086,965.9138,439.35492,914.8658,511.20834,1033.5532,505.06372
294,-1,818.42126,170.17046,1132.9258,610.3922,0.9990926,-1,-1,-1,896.11316,355.98544,1038.4032,351.06766,966.4103,438.78354,914.10284,507.45892,1032.6555,501.96518
295,-1,821.8646,165.06755,1133.6703,605.9384,0.9989791,-1,-1,-1,899.5058,353.44296,1040.7966,349.05167,968.5887,435.5057,914.26984,502.21475,1033.3708,497.96356
296,-1,823.0427,157.51953,1136.5414,605.6645,0.9990387,-1,-1,-1,901.3882,350.14056,1042.7261,344.94525,970.3583,431.64243,915.3177,498.40738,1035.62,493.76688
297,-1,824.3161,154.06708,1139.0481,604.10895,0.9990344,-1,-1,-1,902.5865,347.35663,1043.7057,341.89636,970.64075,427.44388,916.64197,495.41556,1035.8679,490.95114
298,-1,825.3822,153.25722,1139.926,602.39984,0.9988919,-1,-1,-1,902.8694,346.72516,1043.7837,340.58276,970.6303,424.78656,918.3257,495.2216,1035.874,490.24597
299,-1,826.7902,153.37097,1139.4255,603.2923,0.998874,-1,-1,-1,904.25354,347.15912,1044.0245,341.3866,971.773,426.03897,920.2707,496.63068,1035.7014,492.10898
300,-1,827.4089,155.46552,1140.7388,601.85803,0.99876356,-1,-1,-1,905.0821,348.03802,1044.478,341.96777,972.1012,425.84314,921.3086,496.9211,1035.1853,492.3924
301,-1,828.64294,155.69969,1140.6307,601.62366,0.99868745,-1,-1,-1,906.41235,347.99976,1044.8136,342.04596,973.3098,425.56448,922.5808,496.4799,1036.2275,492.1512
302,-1,830.1746,164.07332,1130.685,606.5076,0.9985846,-1,-1,-1,907.46655,346.83792,1044.9076,340.0132,975.44366,421.81778,925.5853,499.35843,1038.0088,493.56857
303,-1,833.24255,164.24246,1133.0367,603.94147,0.9987626,-1,-1,-1,909.55585,346.1448,1047.0863,339.7635,977.2403,420.3294,927.4514,497.7527,1040.179,492.3586
304,-1,836.5601,163.51855,1136.2212,599.61475,0.9987967,-1,-1,-1,913.0427,345.17233,1049.7461,339.00967,979.4079,418.8104,927.4801,494.68655,1044.2766,489.78113
305,-1,839.16376,164.99544,1137.3513,597.97845,0.9989471,-1,-1,-1,915.2665,345.34482,1051.5414,339.70825,981.15466,418.13162,929.4477,494.3294,1044.8657,489.93307
306,-1,841.97406,164.24268,1138.8674,597.4519,0.99894565,-1,-1,-1,917.7636,344.90005,1053.2966,338.6961,983.6227,417.56964,933.1112,495.1952,1045.7264,490.41785
307,-1,842.9263,165.04694,1139.1666,594.5784,0.999042,-1,-1,-1,919.5246,344.03708,1054.2698,337.64066,985.83435,416.02225,936.3556,495.0314,1045.2007,490.089
308,-1,843.05426,165.45735,1138.6718,591.70325,0.99909115,-1,-1,-1,920.11224,343.46213,1054.4869,336.48898,987.4513,414.7643,938.4656,494.93747,1044.7217,489.5666
309,-1,841.98987,166.73552,1136.595,590.12396,0.9989945,-1,-1,-1,917.796,343.7803,1050.0262,335.79355,981.85364,411.47678,938.4188,496.35416,1038.4177,490.4319
310,-1,834.5155,171.12532,1129.7532,589.3226,0.9988807,-1,-1,-1,905.90344,343.89297,1037.668,337.14023,965.4356,412.1278,928.0843,499.4275,1021.2346,494.85208
311,-1,821.97955,169.30237,1114.2124,592.4032,0.99904543,-1,-1,-1,882.4763,345.71625,1011.5522,336.58633,934.1671,405.46463,909.13635,503.07526,996.725,496.11902
312,-1,810.4579,171.98763,1100.0464,598.3261,0.99879456,-1,-1,-1,864.05975,341.53036,992.87305,334.558,908.2709,408.4883,885.8685,501.84695,975.10675,497.16296
313,-1,806.4189,171.4307,1098.0493,600.8595,0.99893326,-1,-1,-1,862.0561,347.17618,992.4455,336.68008,910.79205,413.8044,886.4745,504.43353,980.7644,496.7618
314,-1,809.65576,173.23796,1101.5089,588.3418,0.9990895,-1,-1,-1,871.86975,346.29556,1002.8201,333.4532,926.45984,414.10196,898.3088,496.60974,995.308,486.62048
315,-1,813.87213,167.79318,1107.2948,584.2676,0.99936694,-1,-1,-1,880.5775,342.99225,1012.59076,327.42694,943.9336,406.54507,906.1604,485.029,1015.8231,472.2521
316,-1,822.9552,165.54114,1109.8269,582.6661,0.9994917,-1,-1,-1,889.20825,336.22083,1020.5216,322.7079,953.42737,400.02344,913.593,482.9242,1021.41943,471.86795
317,-1,828.31274,159.00302,1114.5789,583.8315,0.9994715,-1,-1,-1,893.8186,329.86252,1025.4266,320.30832,955.9624,398.07394,914.97986,478.88525,1025.3075,471.001
318,-1,834.0408,158.07686,1121.396,576.87775,0.9994368,-1,-1,-1,901.06805,325.86996,1031.1268,318.66064,962.0922,395.9718,922.6106,472.3681,1031.3002,466.26263
319,-1,840.5758,156.13364,1131.6208,573.70905,0.9995084,-1,-1,-1,913.56934,328.00784,1046.8783,317.83304,982.02734,396.36636,934.3916,471.4191,1047.5542,462.68292
320,-1,849.34717,158.72322,1140.3035,573.7388,0.99963295,-1,-1,-1,923.8462,327.9756,1060.2269,319.1859,997.01373,399.9428,944.79443,473.1517,1060.252,465.60403
321,-1,850.08795,158.97232,1141.4143,580.2228,0.9995177,-1,-1,-1,928.3122,332.1069,1062.5706,324.39523,1001.6177,403.17505,948.37286,477.67682,1061.7844,470.7447
322,-1,844.7528,163.7326,1135.3931,583.5678,0.9994098,-1,-1,-1,920.6173,338.5287,1055.8829,329.9061,992.6073,410.04437,940.864,482.48303,1054.384,474.8408
323,-1,833.04755,164.74474,1123.3721,585.0533,0.9993056,-1,-1,-1,909.09894,344.13663,1042.1692,333.93555,978.10614,415.90475,930.3026,486.92392,1039.6586,478.12704
324,-1,823.7842,167.45988,1114.85,593.4157,0.99922824,-1,-1,-1,898.2563,345.02682,1030.4161,334.86523,967.1798,417.5602,924.40826,494.54584,1028.9025,486.20044
325,-1,820.8113,167.45256,1111.2383,587.39966,0.9993771,-1,-1,-1,894.5374,344.5424,1025.4227,332.1257,963.83374,415.44214,922.10046,490.75397,1026.5277,480.50174
326,-1,820.75745,161.79526,1109.4899,581.27673,0.9994197,-1,-1,-1,893.18604,339.32126,1024.8014,324.52954,964.5575,407.786,920.6042,483.70245,1028.9585,471.27304
327,-1,820.56287,156.54161,1112.5624,577.7577,0.9994356,-1,-1,-1,893.3587,333.8958,1027.0533,319.1269,965.3879,401.0827,920.8056,480.121,1030.2943,467.87408
328,-1,821.8281,154.50662,1113.8594,575.5984,0.99942434,-1,-1,-1,892.0862,331.43033,1027.737,317.58316,962.0921,398.34943,918.1607,479.32993,1028.4948,468.03088
329,-1,821.9475,152.0401,1115.7069,577.836,0.9993543,-1,-1,-1,892.8322,328.84152,1029.3998,318.92828,960.8781,398.42737,914.7273,477.3483,1027.2938,469.336
330,-1,825.7172,152.65887,1120.4928,582.6937,0.99919575,-1,-1,-1,900.8106,327.38104,1034.2177,320.36627,966.83215,398.07224,921.3166,478.0052,1030.044,472.1559
331,-1,832.3905,155.08028,1128.1737,580.8224,0.99927264,-1,-1,-1,914.3467,329.18857,1050.0029,323.5605,986.3978,400.41074,932.947,478.09134,1044.2917,472.88303
332,-1,839.4755,155.85855,1134.8947,582.0247,0.99942267,-1,-1,-1,927.9261,325.86063,1065.0634,324.26645,1006.887,399.7858,943.66254,476.26154,1057.2522,474.12595
333,-1,846.4253,157.63916,1144.0935,584.8959,0.99943084,-1,-1,-1,938.6057,325.04257,1074.2937,326.73193,1017.25446,400.98788,951.9616,476.44785,1064.3428,477.04282
334,-1,848.5837,158.71185,1147.8108,582.60425,0.99931943,-1,-1,-1,941.9329,325.7337,1078.201,329.56433,1019.40436,402.73196,952.3285,476.05933,1064.8867,478.49072
335,-1,847.3194,157.81767,1144.7456,581.80676,0.9994374,-1,-1,-1,938.90466,323.90756,1074.8488,330.09537,1013.8814,402.53958,947.2155,474.64795,1059.3562,479.03656
336,-1,844.13586,157.33862,1140.1938,580.3374,0.9994684,-1,-1,-1,933.0713,326.05792,1068.6973,331.64285,1006.1602,402.65298,941.1011,474.0139,1054.4192,477.75388
337,-1,841.03656,156.94975,1137.8176,580.3378,0.9994085,-1,-1,-1,925.6898,326.94867,1063.5201,331.34396,997.0214,403.41693,934.63617,474.76978,1049.1705,477.7795
338,-1,841.8082,161.46257,1135.8572,570.5372,0.9993561,-1,-1,-1,920.0279,329.6102,1059.4612,330.62534,988.9921,409.64642,932.7712,478.24948,1043.541,478.5819
339,-1,840.234,159.11743,1134.5812,568.9416,0.9993488,-1,-1,-1,916.2988,331.5175,1054.8806,331.17584,983.9259,410.21906,929.76776,477.47675,1042.7783,476.70102
340,-1,839.1084,157.77956,1135.6107,580.19446,0.999323,-1,-1,-1,921.65967,328.15912,1059.3438,329.87012,992.02686,406.39218,930.00586,473.1658,1047.5537,474.07397
341,-1,842.4959,157.20593,1139.7725,577.4158,0.99951696,-1,-1,-1,929.9724,325.95682,1067.6401,327.51913,1006.5807,402.3864,938.9225,470.7985,1057.7284,471.27792
342,-1,845.592,155.52148,1145.071,579.76263,0.99947673,-1,-1,-1,936.45575,324.61893,1073.5867,325.3072,1014.971,401.0313,947.28564,472.05505,1065.135,471.8496
343,-1,846.0863,156.71812,1144.7505,581.96014,0.99949133,-1,-1,-1,936.09686,324.21497,1073.4309,325.44012,1014.0683,401.35757,946.73315,473.086,1064.2483,473.47177
344,-1,843.5934,155.7378,1141.2179,583.0202,0.9994641,-1,-1,-1,927.68365,326.1561,1066.47,327.8551,1000.8796,402.7031,935.9936,473.19592,1055.7623,474.01926
345,-1,840.6909,156.23145,1137.3514,580.5718,0.9993705,-1,-1,-1,921.22986,325.7162,1059.6567,329.2389,988.83673,404.2494,927.4786,472.16278,1045.4733,474.79318
346,-1,840.6033,155.88327,1137.36,578.55615,0.99937963,-1,-1,-1,921.3589,325.27316,1060.0161,328.96378,989.52246,404.5599,927.4763,471.05063,1046.0334,473.79834
347,-1,842.85596,156.78987,1140.713,570.0142,0.9995309,-1,-1,-1,926.3503,325.344,1065.3939,325.6185,1000.64526,401.06726,936.8075,468.88855,1054.6708,468.39114
348,-1,846.95416,152.14803,1143.2036,569.2885,0.9995485,-1,-1,-1,934.84875,323.70367,1070.7723,323.5921,1010.95514,397.15555,945.2102,465.9721,1062.8226,465.08447
349,-1,847.2437,150.96115,1144.6183,576.20795,0.9994438,-1,-1,-1,933.6657,321.1326,1071.0806,320.87952,1008.9281,393.8068,946.6457,470.52658,1061.4329,469.8886
350,-1,843.79297,145.66548,1142.4625,580.23737,0.99925345,-1,-1,-1,926.53845,318.5519,1065.4445,317.4723,997.13,389.045,938.9053,469.9911,1054.7324,469.05487
351,-1,839.7201,143.13675,1138.1124,579.501,0.99910045,-1,-1,-1,918.9428,320.48056,1056.7924,316.16888,985.4429,387.4787,932.482,470.88022,1047.6986,467.50476
352,-1,831.3619,143.60071,1130.8655,580.6702,0.99901485,-1,-1,-1,909.47046,320.88873,1045.858,313.90164,978.45154,391.4128,930.3214,473.23813,1040.0697,467.30038
353,-1,828.40314,145.3235,1129.1064,580.21716,0.9989598,-1,-1,-1,907.2872,323.47372,1044.8651,313.41226,977.11694,388.09305,929.2522,475.27417,1039.9292,467.14474
354,-1,825.6386,148.27795,1125.7502,583.279,0.999008,-1,-1,-1,903.07794,325.0211,1038.9779,314.59937,973.568,389.25043,929.03735,478.72574,1037.6104,470.4149
355,-1,822.99615,149.41008,1125.0664,585.71674,0.9989631,-1,-1,-1,901.18494,326.36475,1037.4125,314.84683,972.62463,390.65393,927.6577,479.56592,1037.7899,470.03174
356,-1,821.3071,151.07036,1126.2274,584.51215,0.9989833,-1,-1,-1,899.34924,327.61234,1036.8042,314.58102,972.5417,392.9983,927.4351,480.40057,1038.8988,469.4899
357,-1,821.19006,150.16887,1125.8027,581.30695,0.9990257,-1,-1,-1,898.40283,328.38083,1035.7502,313.66373,971.54285,393.1468,926.17535,478.2265,1039.4327,465.88547
358,-1,819.45245,150.30365,1125.4532,579.37354,0.9990988,-1,-1,-1,894.7658,327.021,1032.0603,310.47067,967.06433,389.79828,923.5773,476.5293,1037.3718,462.7847
359,-1,815.92896,148.88925,1119.917,578.7973,0.99919957,-1,-1,-1,889.9646,326.61066,1027.2521,308.6397,961.5231,387.42685,918.7429,475.98032,1032.5319,461.28906
360,-1,813.5244,149.83633,1115.3076,577.8021,0.9992618,-1,-1,-1,886.8947,326.23703,1022.63556,307.82315,956.79254,385.93805,916.2967,475.28973,1027.0951,460.36044
361,-1,812.58624,149.04868,1113.053,578.47534,0.9992132,-1,-1,-1,885.5288,326.14288,1019.01465,307.1602,953.67206,385.15308,915.23865,475.55316,1024.3342,460.19864
362,-1,813.6239,148.49454,1112.0061,577.45337,0.99922836,-1,-1,-1,885.522,325.5109,1018.3184,306.93295,952.5167,384.88165,914.3605,474.8941,1023.05945,459.96936
363,-1,815.7168,150.4067,1111.6367,576.1851,0.9993519,-1,-1,-1,886.8352,324.50534,1020.4978,307.90643,953.5672,385.1193,913.8794,473.5404,1023.4267,460.28354
364,-1,818.7797,148.94969,1113.0496,575.5496,0.9994054,-1,-1,-1,890.2448,322.63016,1023.91846,309.3936,956.4839,386.2635,914.7082,471.64062,1024.9073,461.11655
365,-1,821.3655,150.0352,1114.2689,576.90015,0.9994356,-1,-1,-1,893.37823,322.2349,1027.4148,311.61304,960.48364,389.58267,916.0902,471.09076,1028.0729,462.5378
366,-1,824.057,149.95969,1114.6262,576.1153,0.99946636,-1,-1,-1,896.2739,321.88257,1028.5571,313.86508,961.4167,390.66498,915.85736,469.70117,1027.6654,463.20215
367,-1,824.5812,145.47575,1115.5199,575.5721,0.9993568,-1,-1,-1,897.67224,319.87036,1028.7799,314.1984,961.4108,389.98956,916.79596,469.64914,1021.8661,465.28204
368,-1,826.9566,145.85405,1115.205,574.4518,0.9993375,-1,-1,-1,899.3477,319.08173,1029.1005,313.158,960.7005,389.03912,916.7912,467.5891,1026.0958,462.7194
369,-1,828.0116,147.62425,1114.9668,575.1043,0.99938154,-1,-1,-1,901.33435,319.61545,1030.3402,313.06696,964.2109,389.69473,919.7192,467.95532,1028.8618,462.42508
370,-1,827.39526,144.49716,1118.8534,578.0362,0.99921966,-1,-1,-1,901.95825,322.0102,1033.7612,312.25113,967.9277,390.7508,923.8469,473.39462,1027.6381,465.57193
371,-1,829.47656,148.36925,1119.6963,577.2843,0.9992368,-1,-1,-1,907.5324,322.51202,1038.2799,316.68826,973.5355,390.97855,925.24945,471.20758,1033.1569,466.486
372,-1,831.51215,150.37207,1121.5659,578.722,0.99940836,-1,-1,-1,909.49084,326.39377,1041.6542,320.71024,975.54333,392.9445,924.8148,472.1462,1035.5872,467.85324
373,-1,832.3874,152.35675,1123.5111,584.1481,0.9993567,-1,-1,-1,910.29663,328.75156,1043.849,324.4167,976.6729,396.58432,923.74854,474.51932,1037.8145,471.39136
374,-1,830.60864,153.53214,1126.0314,586.92346,0.99914455,-1,-1,-1,909.6262,330.66043,1045.0973,327.22684,977.165,401.04147,924.54626,477.74594,1038.8469,475.03464
375,-1,830.9133,160.48546,1125.7649,586.1049,0.99919575,-1,-1,-1,910.1198,336.04825,1043.1873,330.21344,978.55066,409.34506,926.97925,483.46243,1039.258,477.9279
376,-1,829.34015,161.30022,1126.4629,586.56366,0.9990989,-1,-1,-1,908.858,337.07935,1042.6755,332.4052,976.0505,412.65543,923.68884,483.82385,1037.1816,479.22256
377,-1,828.94385,162.43906,1126.576,586.5083,0.99904233,-1,-1,-1,908.12195,337.70053,1042.6418,333.02225,975.3851,414.4658,924.3087,486.25336,1034.9075,481.76727
378,-1,829.2165,163.66074,1126.97,587.04034,0.99887305,-1,-1,-1,910.0363,338.40207,1044.3723,332.60678,979.5062,416.1733,930.59515,490.49075,1035.6128,485.26385
379,-1,831.7556,159.3128,1128.7583,585.89355,0.9988379,-1,-1,-1,913.8819,337.5533,1048.0117,331.87848,985.4934,412.94254,937.2015,490.21902,1039.4973,485.05725
380,-1,831.9189,158.85368,1130.5476,588.8829,0.9987676,-1,-1,-1,915.72797,337.71814,1050.1183,331.3137,989.2014,413.10477,940.8795,491.66113,1043.5803,485.86145
381,-1,831.6676,163.4995,1135.0903,590.3376,0.99851733,-1,-1,-1,916.7181,340.04608,1049.7766,329.83966,989.87494,411.75403,941.8722,493.60416,1044.7202,485.001
382,-1,831.814,163.31451,1137.8702,591.42676,0.998485,-1,-1,-1,916.52136,341.4112,1050.9578,332.62454,988.14307,412.6704,938.3002,493.0982,1045.0118,485.77823
383,-1,834.33734,163.1471,1139.7506,592.26605,0.9986278,-1,-1,-1,916.58356,343.59613,1052.7567,336.4714,986.62695,415.86417,936.21594,493.50473,1045.9574,487.69873
384,-1,833.4769,154.4779,1142.3245,604.8129,0.99882394,-1,-1,-1,916.7955,343.65533,1053.551,340.9201,986.07526,427.82834,937.1277,501.0969,1038.998,497.6925
385,-1,834.08844,153.49667,1143.2546,611.1371,0.99901676,-1,-1,-1,917.9578,348.07727,1054.2891,344.36835,988.01917,433.3808,939.1483,507.35806,1041.6815,503.10245
386,-1,833.45386,154.23001,1142.5912,625.0735,0.99922776,-1,-1,-1,918.28107,351.395,1056.3176,348.2892,989.4444,437.36243,935.90356,513.7107,1043.141,510.04163
387,-1,833.38837,157.08109,1142.4735,626.21576,0.99931467,-1,-1,-1,917.53595,354.0111,1058.0931,350.78363,990.8384,440.33533,934.7651,515.895,1046.0933,512.0714
388,-1,832.6385,159.55835,1145.7971,627.91077,0.9994622,-1,-1,-1,915.0367,357.31137,1057.8396,352.13812,989.45526,442.75266,934.3772,518.68115,1049.1383,513.0421
389,-1,831.51996,164.94682,1150.4386,632.5296,0.99953127,-1,-1,-1,914.44836,359.32254,1060.9583,354.89584,990.9176,442.36545,930.5122,519.2007,1055.7266,514.8819
390,-1,830.70514,167.47978,1151.5243,632.68176,0.99957246,-1,-1,-1,913.6474,361.79843,1060.2852,356.8633,989.70966,446.00726,929.5001,520.8594,1055.5367,516.153
391,-1,830.5158,168.69464,1151.6716,636.577,0.99958664,-1,-1,-1,913.4522,365.0241,1060.1985,360.6445,989.40454,449.08383,929.11176,524.33105,1055.2087,520.2635
392,-1,829.3403,169.5082,1151.1061,634.432,0.99954236,-1,-1,-1,910.0583,369.9143,1057.4807,364.82056,984.9005,454.81888,927.73584,527.7391,1049.738,522.34546
393,-1,830.3255,175.27939,1153.0325,643.65216,0.99953854,-1,-1,-1,914.5223,371.7158,1061.4683,369.30206,988.43744,455.9926,928.67194,530.88635,1053.5468,528.86273
394,-1,830.75806,177.76881,1156.1318,646.0186,0.999579,-1,-1,-1,915.7797,374.58878,1063.4832,371.89566,989.5357,456.81854,930.7766,533.9429,1054.067,531.66254
395,-1,829.8904,169.30861,1154.9607,646.14404,0.9995871,-1,-1,-1,915.92505,373.14127,1063.4937,369.15512,989.9907,462.9837,931.2929,533.22876,1049.7336,528.3667
396,-1,830.0668,170.40892,1156.4177,643.96075,0.99957293,-1,-1,-1,916.18256,373.03622,1064.2344,368.58862,990.75977,462.858,932.5276,532.8093,1050.6947,527.62305
397,-1,829.9482,170.1682,1155.8423,643.56335,0.99957293,-1,-1,-1,916.04486,373.2724,1064.5795,369.03745,991.11444,462.63638,930.461,530.6722,1052.1693,525.81934
398,-1,829.53815,169.45282,1156.0562,644.6054,0.9995907,-1,-1,-1,915.80414,374.39893,1063.9995,369.36786,990.9264,462.33725,930.5064,530.7335,1052.8741,525.2248
399,-1,829.2365,169.53117,1156.4282,645.6834,0.9996032,-1,-1,-1,915.2935,375.115,1063.2483,369.16708,990.21906,462.84042,930.35846,530.6085,1053.6102,524.33716
400,-1,828.46814,170.03633,1156.3997,646.1776,0.9996026,-1,-1,-1,914.2307,376.2398,1062.177,369.70343,989.3356,463.67444,930.6989,531.643,1053.441,524.8283
401,-1,828.4311,171.55061,1156.0538,646.7666,0.9995983,-1,-1,-1,913.986,376.96048,1061.5864,369.9444,989.3,464.98685,932.0061,533.3636,1053.2314,526.0527
402,-1,828.9299,172.67047,1155.6624,647.3406,0.99959546,-1,-1,-1,914.13745,378.06564,1061.5398,371.34238,989.4613,466.93896,932.0763,534.4825,1053.5543,527.454
403,-1,828.971,172.61984,1156.2002,647.6263,0.99958557,-1,-1,-1,913.92285,379.31332,1061.3818,371.57117,989.45654,469.34924,932.5499,535.86884,1053.9935,527.95544
404,-1,829.2896,172.77878,1156.3123,647.23627,0.99958986,-1,-1,-1,914.4731,378.55603,1062.4924,371.35086,990.4728,469.88385,933.54297,537.3049,1053.5801,529.77234
405,-1,829.8712,172.52092,1157.2069,647.2863,0.9995983,-1,-1,-1,915.3881,378.82632,1062.9191,371.21332,991.076,470.19687,934.79346,537.9493,1053.9073,530.0031
406,-1,830.13324,173.0379,1158.1123,647.0265,0.9995969,-1,-1,-1,915.7636,378.51447,1063.5337,370.94598,991.58606,469.74182,935.6786,537.9974,1054.3452,530.0484
407,-1,830.7774,173.74065,1158.2749,646.93036,0.9995896,-1,-1,-1,916.2462,378.32068,1063.3154,370.79346,991.5016,468.96655,936.5872,538.1558,1054.0037,530.24713
408,-1,831.2165,173.6703,1158.1324,647.17505,0.9995813,-1,-1,-1,916.5331,377.08136,1063.2848,369.8145,991.2728,468.4329,937.3831,538.49866,1053.0049,530.73114
409,-1,831.63696,174.00713,1158.3971,647.1732,0.9995746,-1,-1,-1,916.97375,376.7828,1063.3623,369.3568,991.6736,467.1674,938.2742,538.3413,1053.4893,530.39575
410,-1,831.7289,175.14423,1157.1815,646.66797,0.9995436,-1,-1,-1,916.6931,376.63095,1061.9595,368.9722,991.0041,466.31805,938.90027,538.0689,1052.6453,529.8925
411,-1,830.4873,174.44833,1153.8468,647.08026,0.999537,-1,-1,-1,913.01044,376.74725,1057.9921,368.77823,986.48016,465.71887,935.4167,537.3822,1049.7153,529.05707
412,-1,824.9492,175.55629,1144.9624,644.8917,0.99938047,-1,-1,-1,902.42004,377.28214,1048.1156,366.84714,975.8273,464.7757,927.1104,537.46136,1042.4601,527.08655
413,-1,822.4863,178.19148,1143.1014,637.0152,0.9993144,-1,-1,-1,891.9112,376.56348,1033.7417,365.50537,956.55304,462.5123,917.37756,533.2162,1031.9448,522.36774
414,-1,811.04333,190.25888,1137.6042,632.9405,0.9990527,-1,-1,-1,878.49915,375.86606,1023.3333,365.55405,943.2904,453.24435,905.3689,527.6072,1023.7089,519.62225
415,-1,810.55804,189.57047,1134.7437,629.4652,0.999014,-1,-1,-1,875.94244,370.9997,1018.34314,361.92078,938.08136,450.17966,901.54126,522.74854,1018.2305,516.57764
416,-1,814.0996,186.13962,1136.2926,625.6173,0.99888974,-1,-1,-1,880.63275,364.02106,1021.1414,358.5588,941.9938,447.2393,903.20593,514.2424,1021.77313,510.7496
417,-1,823.9299,176.58487,1143.2206,620.6714,0.99898094,-1,-1,-1,891.5939,359.76154,1033.3842,354.79047,954.20935,443.47067,912.12665,513.36115,1029.3337,509.05487
418,-1,833.9703,169.26418,1142.3988,613.79944,0.9988661,-1,-1,-1,907.22296,358.25214,1048.0992,351.62903,974.48584,442.7203,927.91345,514.92737,1037.6768,508.42877
419,-1,837.4154,169.62878,1145.5243,612.062,0.9986603,-1,-1,-1,915.6477,355.91956,1052.4281,350.4527,983.604,438.13626,941.05316,516.901,1039.6382,511.33557
420,-1,836.81445,169.6759,1147.6279,615.6629,0.99880815,-1,-1,-1,915.6168,355.30774,1052.3698,349.99237,982.85315,436.55313,942.308,518.70874,1038.9248,513.1887
421,-1,831.46063,168.15868,1147.0616,622.95105,0.9991296,-1,-1,-1,911.40533,358.61542,1049.0709,354.14078,978.5146,438.97656,936.98834,522.78864,1034.2826,518.2833
422,-1,829.9887,173.27255,1148.1707,628.5824,0.9991979,-1,-1,-1,907.46375,361.49374,1048.5548,357.36108,975.52484,441.59424,925.4764,522.0367,1037.339,518.3451
423,-1,826.6365,173.67006,1143.5632,625.3447,0.9992323,-1,-1,-1,904.898,362.17194,1047.3512,359.22977,974.2158,446.00766,919.21967,516.9897,1039.2544,514.029
424,-1,826.97253,178.81635,1145.7576,623.9611,0.99918,-1,-1,-1,904.4528,364.32404,1049.2808,359.76328,975.59656,445.90674,918.5677,515.2607,1043.7292,510.9255
425,-1,826.8364,175.2245,1139.5574,628.41064,0.99918455,-1,-1,-1,906.6359,367.2281,1050.0535,362.10904,980.22253,448.98315,918.66077,516.54834,1047.0027,512.5382
426,-1,828.3885,175.76869,1143.7717,630.95996,0.99926144,-1,-1,-1,908.96844,366.59625,1053.8009,362.83054,983.1223,449.2925,920.08997,516.54395,1050.6396,513.5647
427,-1,829.4253,177.35545,1144.8397,630.3705,0.9992423,-1,-1,-1,910.605,366.50726,1055.711,363.19,985.21234,449.74854,922.0267,517.0655,1051.6013,514.3295
428,-1,830.0605,177.57533,1147.6853,630.7643,0.9993061,-1,-1,-1,912.0785,366.14413,1057.9824,363.0651,987.1398,449.07916,925.3596,519.238,1052.2174,516.5093
429,-1,831.0864,178.39705,1148.9711,630.8184,0.99931026,-1,-1,-1,913.0264,365.8291,1059.2485,363.2205,987.8162,448.56766,927.19464,520.9996,1051.9437,518.5283
430,-1,831.5855,176.65573,1150.681,631.61475,0.9993567,-1,-1,-1,914.0312,365.52582,1060.4329,363.53674,988.4669,447.8577,927.71747,521.1079,1052.3722,519.1919
431,-1,831.22546,175.7372,1151.0786,630.79156,0.99939704,-1,-1,-1,914.2866,365.16803,1061.2031,363.80283,988.755,448.19043,926.4791,519.9317,1052.6609,518.55707
432,-1,831.3679,176.1912,1151.3113,630.8004,0.99940956,-1,-1,-1,914.47003,364.81747,1061.3215,363.6946,988.8937,448.73456,925.9813,518.77637,1053.5848,517.61
433,-1,831.2938,175.62845,1151.5752,630.75415,0.9994305,-1,-1,-1,914.49963,364.62997,1061.7015,363.8129,988.9419,448.94424,924.9996,517.9408,1053.8505,517.06415
434,-1,832.6924,173.82619,1153.25,631.37396,0.99947804,-1,-1,-1,915.42786,363.6073,1062.9674,363.08163,989.35785,447.98303,924.37805,516.18286,1055.6409,515.65314
435,-1,833.91547,172.65796,1155.9307,632.94946,0.9995401,-1,-1,-1,917.094,362.17767,1065.4989,361.48212,991.4763,446.39337,925.5152,515.22626,1058.948,514.4629
436,-1,835.9128,172.70285,1156.8566,634.7021,0.99951756,-1,-1,-1,920.03,361.54254,1068.4629,361.6207,995.9024,446.21048,928.78674,514.2924,1063.5543,513.7854
437,-1,839.0703,170.28336,1158.3982,633.8623,0.9994992,-1,-1,-1,924.7628,362.78876,1070.685,363.7368,999.9769,446.26065,932.6312,513.6407,1065.6084,513.69
438,-1,841.28235,173.48145,1158.8665,630.81915,0.9994099,-1,-1,-1,929.2191,366.3166,1075.1768,367.49405,1004.9517,446.2243,935.97705,514.87256,1066.4135,515.0108
439,-1,843.00073,176.54662,1157.2699,630.9857,0.9993298,-1,-1,-1,930.7111,365.9409,1077.3519,367.83057,1008.1089,446.06967,937.85406,516.04626,1067.9136,516.6064
440,-1,842.09235,172.12363,1159.5522,638.54425,0.99952185,-1,-1,-1,931.36365,364.32745,1076.204,363.67416,1008.8229,445.25894,940.26227,518.26086,1070.1337,516.64465
441,-1,840.284,170.20744,1155.1075,635.16016,0.99942076,-1,-1,-1,929.23755,362.54724,1072.0432,362.5742,1006.04486,443.76978,939.0332,517.04016,1065.1565,516.23004
442,-1,841.1504,171.28944,1156.5964,629.5014,0.9993,-1,-1,-1,927.9725,359.12207,1071.7404,360.00122,1003.0133,442.36276,939.1969,515.27106,1062.0608,515.2563
443,-1,843.46545,173.15132,1160.1764,624.18634,0.99910337,-1,-1,-1,931.6548,359.6563,1074.4958,360.3621,1006.7378,443.32028,946.3932,516.5972,1063.411,516.2706
444,-1,850.44916,172.74852,1162.4542,624.87665,0.99862456,-1,-1,-1,942.39624,360.20523,1083.8048,360.21094,1021.16284,444.2273,956.6529,517.5656,1071.6917,515.77374
445,-1,861.987,175.54312,1169.6382,618.9719,0.9984561,-1,-1,-1,952.6502,361.79956,1091.8085,361.2766,1029.6364,446.0332,971.3776,521.5456,1076.7429,520.282
446,-1,864.7508,173.61964,1166.1392,608.8796,0.99848336,-1,-1,-1,954.7707,357.48178,1094.1384,353.19748,1033.8984,441.29468,978.1613,516.3839,1080.4666,511.94855
447,-1,866.4069,165.6568,1167.6113,603.7908,0.9984452,-1,-1,-1,954.71576,345.45685,1092.9231,346.8538,1028.8602,427.69406,973.812,505.45544,1075.787,506.39728
448,-1,862.1096,161.95427,1172.1108,603.405,0.99863297,-1,-1,-1,950.1859,341.93207,1087.2413,344.38007,1021.75507,421.1733,962.17395,498.67868,1070.8793,500.27982
449,-1,851.9788,145.61612,1163.2157,606.93787,0.9989183,-1,-1,-1,941.0632,337.61658,1078.1527,340.2207,1010.8662,418.62643,952.33264,494.60275,1059.7183,496.58487
450,-1,846.9808,145.60165,1159.4423,608.4409,0.9991598,-1,-1,-1,934.0311,340.75317,1072.0192,340.4757,1003.1089,420.2302,945.793,496.3217,1055.7126,495.8497
451,-1,839.869,147.78723,1154.3063,613.87805,0.9993783,-1,-1,-1,923.2719,343.79794,1064.14,342.73752,992.5304,423.52136,935.31616,499.20602,1050.8573,497.68088
452,-1,832.17725,150.72273,1144.2113,615.1452,0.9993267,-1,-1,-1,915.4167,348.1345,1056.5613,345.8356,986.22437,428.70325,928.5427,501.2542,1045.1743,498.61642
453,-1,828.0878,152.38857,1141.971,610.05945,0.9991239,-1,-1,-1,907.5429,351.7033,1049.4369,345.95267,978.46906,430.99927,921.6986,499.81964,1043.3673,494.974
454,-1,824.6335,151.95073,1142.8805,612.2586,0.9993431,-1,-1,-1,903.0159,352.42477,1046.499,347.16827,972.5486,430.85458,916.1504,502.61877,1038.3096,498.04688
455,-1,821.6795,154.7854,1140.5614,612.16345,0.9994172,-1,-1,-1,900.4354,354.19382,1044.6964,349.04434,970.8618,433.86877,914.2534,503.83795,1037.3804,498.99106
456,-1,820.13257,156.59393,1138.804,612.9793,0.99944764,-1,-1,-1,899.1128,356.16162,1042.9186,351.3177,968.8355,436.54883,912.98114,505.75336,1035.4062,500.94086
457,-1,816.2026,162.87201,1139.2324,615.57495,0.9994783,-1,-1,-1,897.146,358.55493,1042.7493,354.5274,968.2854,441.80646,911.96295,509.45416,1035.5797,504.84808
458,-1,813.3594,167.94664,1138.9993,634.02045,0.99954563,-1,-1,-1,896.3428,359.22598,1042.773,358.1636,968.0199,442.2411,910.7107,518.27167,1034.4409,516.664
459,-1,814.56647,171.20273,1139.1273,632.46326,0.9996153,-1,-1,-1,893.96185,361.64008,1040.3026,359.95886,963.34467,448.14035,909.789,522.1143,1030.9282,519.4448
460,-1,812.04364,169.08774,1137.8964,639.05774,0.9995765,-1,-1,-1,894.88666,362.52454,1041.2347,361.9071,966.9112,447.99377,910.63074,522.2896,1034.3903,521.2957
461,-1,811.5196,172.35759,1137.6378,635.0389,0.9994747,-1,-1,-1,894.75146,365.2749,1041.483,363.60657,967.78644,449.57047,910.45984,520.8234,1035.4375,519.1209
462,-1,811.7456,170.85052,1137.0399,633.39636,0.9995004,-1,-1,-1,894.50916,364.34354,1041.6802,362.2371,968.6228,448.32156,910.2786,519.15265,1036.8163,516.9177
463,-1,812.02997,168.50627,1137.244,632.5329,0.999548,-1,-1,-1,894.8074,361.80328,1041.2913,359.03857,969.2327,445.8594,912.1178,518.3169,1037.8127,515.11255
464,-1,814.97266,169.66153,1133.2837,622.01373,0.9994522,-1,-1,-1,895.18414,359.71744,1040.157,355.75082,968.1291,446.8204,913.58905,517.0485,1033.875,511.99442
465,-1,813.48346,165.74472,1137.6378,625.0416,0.99942315,-1,-1,-1,896.99976,358.31522,1042.0107,354.12155,971.28973,441.21063,915.2715,515.0878,1037.1162,510.74048
466,-1,815.1663,166.26862,1138.2406,621.7976,0.99932075,-1,-1,-1,898.5036,358.26184,1042.4167,354.2084,971.9298,441.6999,916.71625,513.66156,1036.9667,509.59097
467,-1,817.57556,168.87006,1133.5165,621.5783,0.99910563,-1,-1,-1,898.7046,358.57077,1040.8774,356.70685,970.89923,446.31512,916.18396,515.2965,1033.799,513.1304
468,-1,815.1187,172.523,1132.2146,628.4852,0.9991272,-1,-1,-1,896.05524,366.5422,1037.1388,364.7446,966.81555,454.31494,915.7497,524.09784,1029.3461,522.21857
469,-1,813.6951,185.582,1125.487,636.8895,0.9987464,-1,-1,-1,889.57465,383.32764,1027.6467,383.37674,952.68585,473.11566,906.79706,534.7212,1018.4993,535.25446
470,-1,809.75977,215.12483,1112.9004,635.5751,0.9986008,-1,-1,-1,877.82056,405.0832,1015.81946,398.4681,943.5376,500.59985,904.42615,551.8931,1011.59863,546.01434
471,-1,796.7987,234.44318,1106.6803,638.4085,0.9986393,-1,-1,-1,870.72577,430.57632,1009.49365,426.64124,938.7102,527.24207,900.0368,569.166,1003.99426,564.44745
472,-1,798.72235,253.0986,1101.5709,641.4027,0.9990759,-1,-1,-1,873.0394,449.32513,1006.7063,443.8212,939.2777,544.03107,904.2668,579.24475,1003.1548,573.07446
473,-1,798.2872,270.78238,1101.1947,640.7775,0.99927694,-1,-1,-1,875.83386,453.98956,1007.47034,450.09784,941.83026,552.95703,906.4668,576.25903,1009.0083,571.8882
474,-1,799.1074,270.05402,1102.4591,639.82855,0.9993136,-1,-1,-1,875.8366,456.24405,1007.9433,450.98157,942.3766,554.0854,907.5879,575.9062,1011.0616,570.3613
475,-1,799.086,271.90396,1101.3936,636.0376,0.9993862,-1,-1,-1,876.69147,457.8969,1008.6176,451.94016,944.06195,555.17194,909.591,574.2529,1012.9168,568.1191
476,-1,798.5323,275.37332,1100.558,633.86523,0.9993986,-1,-1,-1,876.14594,460.23505,1008.86,452.94754,945.0,557.7965,911.13995,574.9497,1013.9251,567.65265
477,-1,796.53107,282.20886,1098.7102,630.4384,0.9994512,-1,-1,-1,875.8645,461.87073,1009.23065,453.79205,946.44257,560.2902,912.1645,574.5547,1014.10583,566.65137
478,-1,791.8214,281.03058,1095.27,635.7573,0.9994505,-1,-1,-1,875.03625,466.74884,1004.92163,454.26425,947.6792,556.403,908.1034,572.7233,1012.47003,561.38617
479,-1,790.3723,281.69406,1093.2786,635.33954,0.99947387,-1,-1,-1,874.41516,466.88467,1003.8217,454.03522,948.3679,555.6709,908.3132,570.54755,1013.8394,558.9138
480,-1,795.452,284.8258,1095.616,629.6786,0.9994635,-1,-1,-1,876.8403,461.10785,1008.9187,451.75076,948.9918,558.64685,911.1181,570.7378,1015.4625,561.9056
481,-1,790.02264,281.03204,1092.7936,634.24084,0.9994642,-1,-1,-1,876.0591,465.75027,1002.50714,452.13675,949.68964,551.4888,912.2044,570.0046,1013.43646,557.90393
482,-1,794.70935,279.61444,1093.1825,627.36835,0.999448,-1,-1,-1,878.6475,459.5526,1008.7224,449.0622,951.3006,555.66754,914.20416,569.4074,1014.57587,559.7559
483,-1,797.52,280.64627,1091.7755,626.7581,0.9995408,-1,-1,-1,880.74207,458.95053,1011.0973,449.22656,953.50854,554.7348,913.67175,568.3451,1014.74384,559.5131
484,-1,799.33527,281.6828,1092.5312,626.68365,0.99956924,-1,-1,-1,883.18994,458.41263,1014.0755,448.40637,957.07697,554.8376,913.57587,567.01215,1017.0615,558.0167
485,-1,802.988,281.49823,1093.024,625.7705,0.9996037,-1,-1,-1,888.3053,458.8342,1018.29987,450.19073,961.677,554.186,913.8057,565.7308,1018.3136,557.83716
486,-1,810.1161,288.81705,1096.6906,625.41473,0.99966335,-1,-1,-1,893.5661,459.28348,1023.5303,453.26572,965.3268,555.82605,913.94574,562.977,1021.6198,557.46387
487,-1,813.1782,288.7885,1100.1432,632.7341,0.99969363,-1,-1,-1,899.1902,466.11053,1027.503,453.52505,974.47986,551.3251,921.7839,562.724,1032.7354,551.3137
488,-1,814.9912,282.9555,1103.8761,631.6058,0.9996654,-1,-1,-1,904.12866,466.5749,1032.4932,454.0698,979.49023,550.00745,923.9725,563.04016,1033.6488,551.822
489,-1,818.936,281.65622,1106.77,631.3458,0.9996321,-1,-1,-1,909.3582,467.05655,1038.8406,454.37534,986.2705,549.97034,926.00256,564.5033,1035.8678,553.168
490,-1,822.62195,278.7072,1106.8364,629.92523,0.99964905,-1,-1,-1,911.3795,465.68845,1041.1306,452.74307,989.36865,549.51294,927.68463,563.253,1039.4481,552.0193
491,-1,823.7086,280.5994,1107.2518,632.7718,0.9996238,-1,-1,-1,912.2808,464.7364,1043.0596,451.9527,991.55225,550.0391,926.6425,562.2346,1041.6233,551.3136
492,-1,824.3779,275.65515,1110.594,634.05426,0.99955875,-1,-1,-1,914.5895,464.04636,1047.3386,453.05786,994.9777,549.2009,929.54755,563.69696,1044.3956,554.0993
493,-1,824.6376,276.0447,1114.2025,636.3945,0.9994886,-1,-1,-1,919.9854,464.8755,1048.4949,456.05515,995.94714,553.5808,930.0803,563.62775,1044.128,555.5181
494,-1,825.1054,269.1883,1118.3181,637.6252,0.99936277,-1,-1,-1,924.0986,464.56174,1051.9297,455.07443,999.9844,554.10974,932.73486,564.7272,1045.6254,556.14215
495,-1,828.77277,270.38837,1122.0792,641.4634,0.99942255,-1,-1,-1,927.11,467.58673,1059.3551,451.6236,1007.7998,553.33875,941.33453,572.9034,1050.3667,559.2088
496,-1,831.0017,275.6871,1123.2108,642.58563,0.99948657,-1,-1,-1,930.0615,468.01514,1062.2052,451.65686,1011.5475,553.98846,943.32983,574.9386,1051.1779,561.12085
497,-1,830.90326,277.75757,1126.968,642.9944,0.9994624,-1,-1,-1,932.3504,467.81863,1066.0348,452.4099,1014.9906,552.9287,944.30725,575.4299,1052.968,562.39056
498,-1,833.2658,277.39874,1128.7703,644.3806,0.9994956,-1,-1,-1,934.805,468.52103,1070.0647,454.3221,1018.75464,552.65295,946.4499,577.3008,1055.8589,565.02313
499,-1,835.0941,270.05774,1130.8619,645.53265,0.9994771,-1,-1,-1,937.27856,468.3878,1071.4362,453.78754,1021.0552,551.14655,949.3722,578.6937,1057.7897,565.92896
500,-1,836.65204,264.9146,1131.796,645.91174,0.99945134,-1,-1,-1,937.5284,467.35342,1071.5356,453.698,1020.7608,550.22577,950.9261,578.6056,1059.5691,566.56036
501,-1,837.42065,268.94995,1131.2969,645.6114,0.99955446,-1,-1,-1,937.63104,464.751,1069.4789,450.2237,1019.49176,544.46936,952.02783,577.5671,1056.9937,564.8623
