1280,720
0,-1,345.1302,81.8577,629.9632,525.09454,0.9991259,402.54163,241.9638,528.5056,250.25894,440.49426,304.16617,401.5845,391.6903,514.8385,399.483
1,-1,346.1601,80.9148,631.9661,525.20154,0.9990433,404.06668,241.3874,529.713,250.32971,441.53702,304.34412,402.98962,391.20227,515.9763,399.5501
2,-1,346.42563,80.10342,633.53064,526.65234,0.998898,404.3892,241.25964,530.8289,250.5716,441.92255,304.1835,403.334,391.70895,517.1488,400.2838
3,-1,346.32095,79.478455,633.7986,529.1411,0.9987715,403.9412,243.20688,531.18524,251.71725,442.59573,307.3161,403.8021,396.05106,518.25757,403.90378
4,-1,343.1705,70.6817,633.1273,544.89716,0.99874747,401.3801,250.90161,532.0413,253.92165,450.18295,309.3736,404.6591,406.70438,522.2814,411.2754
5,-1,339.0878,72.58316,641.3602,540.7452,0.9990299,406.97406,255.13669,531.7012,262.63647,446.82635,320.68146,403.47076,408.22797,513.3069,415.1023
6,-1,336.96527,76.1828,641.5065,551.7687,0.9992361,402.47174,262.81558,528.92957,270.72833,440.35324,331.12592,400.9185,419.17905,512.0478,426.8327
7,-1,335.0045,78.50798,639.0564,558.5232,0.9992298,398.1007,269.4799,527.12885,277.68866,438.87866,343.1647,397.94907,426.35587,511.4518,435.57407
8,-1,333.27005,78.83386,635.61694,559.5842,0.99924785,394.81958,274.4119,523.08765,281.85147,434.20642,354.1576,394.39886,430.4148,508.17532,439.28137
9,-1,331.11197,79.54174,632.8256,561.3697,0.9992471,391.4957,275.91245,520.5514,284.15005,429.46472,356.6612,390.65527,432.48932,504.59866,442.06274
10,-1,329.26468,75.8815,634.56775,560.4296,0.9993555,389.4658,274.50897,519.8636,284.77283,425.9238,358.45087,388.0902,432.11395,502.08112,443.37366
11,-1,325.8847,71.38681,632.97284,563.52747,0.99946207,386.4259,273.1818,518.3651,284.25244,422.0268,358.47168,382.55554,431.2575,500.11865,442.91162
12,-1,323.09418,71.31302,633.08374,560.93335,0.99944943,382.92505,272.7343,517.2872,282.58542,418.33173,354.9243,378.93723,432.325,495.17493,442.87616
13,-1,317.30377,68.37696,638.9769,549.27545,0.9994301,381.07642,266.76785,510.79773,280.7583,415.44714,347.67078,380.6188,427.0705,489.70953,439.57196
14,-1,317.40106,67.87752,634.7178,539.6012,0.99935025,378.87143,262.99582,507.51892,278.8786,411.65488,345.5924,378.41348,422.02905,484.77936,436.2708
15,-1,315.28937,69.61048,623.5945,541.578,0.9993937,379.43164,266.0766,514.53046,276.48566,417.47147,334.59354,374.46204,420.87634,484.8234,431.2069
16,-1,313.3873,70.26694,620.01404,538.1505,0.9993179,376.98553,263.40967,512.56195,274.89713,415.10535,332.3484,371.6346,417.47015,482.45413,428.50357
17,-1,310.97867,68.63455,628.8146,530.5728,0.9992637,374.93704,259.21152,504.93723,277.8847,408.14438,339.63873,371.52792,413.8159,478.3431,431.1347
18,-1,309.34183,69.729095,617.52435,537.8729,0.999337,371.9843,264.9942,507.81177,276.4455,409.1373,331.3742,367.62338,417.66766,477.98447,428.91006
19,-1,309.70023,69.24816,616.6342,541.6999,0.9994081,370.4818,266.41895,506.1221,277.46967,406.45148,332.46167,365.29584,418.2165,478.99554,429.09488
20,-1,307.52283,70.386925,616.7053,546.2011,0.9995022,367.9218,266.92883,504.85284,278.65375,403.14932,332.7558,361.81772,420.23486,477.48676,431.69482
21,-1,305.73856,71.70757,615.09015,550.7447,0.99949765,366.1137,268.06525,503.25256,279.32352,401.324,333.6042,360.74973,423.97906,476.13614,435.03403
22,-1,303.3859,74.38152,612.3338,552.9798,0.99948066,364.24777,268.3329,501.45834,279.797,399.98727,333.96722,358.90152,425.67236,474.18088,437.0274
23,-1,302.01584,74.930405,610.1178,552.46985,0.9994306,362.72833,269.00473,500.0327,280.47507,399.3695,334.25723,358.30502,426.20117,473.176,437.5215
24,-1,301.37946,75.948654,608.62445,550.7914,0.9993381,362.3926,269.97937,498.62698,280.98578,399.1754,334.072,359.12543,426.9322,471.28812,437.98447
25,-1,302.2653,76.74175,608.4772,550.64777,0.99932706,361.9504,269.25574,497.8504,280.80698,397.90756,333.66553,358.47852,426.6942,470.00864,438.2515
26,-1,302.0427,77.23244,607.6659,548.18604,0.99927765,361.8626,267.8594,497.1176,279.96234,397.2653,331.1684,357.6788,424.02615,468.41168,436.12717
27,-1,303.75076,77.17203,606.8543,545.9567,0.99917406,363.1869,265.6231,497.40027,278.436,397.50394,328.07086,357.83282,421.26648,467.8546,433.95935
28,-1,302.3493,75.89241,605.6315,541.9297,0.9990088,364.12656,263.29306,497.76358,278.04593,398.7737,325.4757,357.5572,417.58954,466.30585,431.9037
29,-1,305.45285,70.42038,610.004,535.0493,0.998882,365.73093,260.77002,500.9776,274.73682,401.7528,328.03156,359.04666,416.81097,461.7773,430.54886
30,-1,307.39987,71.35464,609.50104,530.8241,0.99868494,367.94885,258.87387,500.03702,273.07715,401.66342,324.7534,359.6285,412.66266,459.82022,426.70728
31,-1,310.02997,75.95969,607.8038,538.3618,0.9984169,370.48294,254.96153,497.7603,270.7406,401.4037,317.75433,362.83826,410.85608,468.411,426.04797
32,-1,311.9709,74.61521,608.5008,533.6728,0.998372,372.36597,253.43427,498.43652,269.2449,402.27423,315.6212,363.76422,408.1548,467.57864,423.42657
33,-1,310.3325,71.94458,604.7141,524.51105,0.9984413,370.40567,253.0238,498.61557,268.15778,401.68076,311.54514,362.95532,403.2672,463.60245,418.358
34,-1,312.28192,71.15219,605.33844,529.5734,0.9987942,372.0241,250.38715,499.0476,264.31445,402.90988,309.70044,365.11105,404.59763,466.07745,418.44653
35,-1,315.31766,71.59021,605.32324,531.37,0.99881434,373.6894,249.15408,498.46442,261.52127,403.77188,307.03,368.22394,405.04144,467.45477,417.4393
36,-1,316.78696,83.97987,611.0727,525.6829,0.99877065,373.2881,248.41461,501.56146,259.5083,405.1783,312.08704,366.521,400.663,469.36844,412.00873
37,-1,316.49606,82.94117,611.5978,513.0167,0.99886477,373.4032,247.68338,501.76566,258.91272,407.31128,312.16614,367.16428,394.07794,471.0304,405.60855
38,-1,315.43057,83.56487,608.21704,505.47998,0.9990815,372.44022,247.5959,500.15204,258.94305,408.41348,310.7363,365.5296,390.54346,469.33075,402.00104
39,-1,313.39706,74.19697,605.8137,502.02924,0.99910045,371.3042,245.83127,498.5287,256.98895,405.195,307.02872,362.3651,388.4475,464.69116,399.40332
40,-1,312.69846,75.400085,603.44104,498.8925,0.9992505,371.0761,243.9191,497.8497,255.78178,405.73257,304.46628,361.6576,386.86273,462.60025,398.67905
41,-1,312.37018,76.18791,603.6245,496.60956,0.999311,370.6703,242.96814,497.77808,254.08522,404.04248,305.81573,362.58392,387.22583,460.92572,398.11252
42,-1,309.94873,75.76578,599.06866,497.72552,0.99924767,368.0651,242.74976,494.27588,253.10478,402.8877,302.2043,358.05237,385.45312,458.9027,396.14282
43,-1,307.95056,76.5999,596.63763,495.32822,0.99923,366.98285,242.19067,490.90076,252.31407,400.59702,302.33893,357.86865,384.00317,456.86435,394.5371
44,-1,304.54208,75.79277,594.19196,497.64206,0.99916244,364.40552,243.0423,488.0523,252.37358,397.713,302.94794,356.0495,383.6343,455.96063,393.3467
45,-1,302.80234,69.48818,593.7506,498.04898,0.99889576,362.9567,242.4834,489.09073,250.9766,396.37247,306.06113,357.77985,386.89755,456.95404,395.4165
46,-1,297.89334,73.32779,591.58307,502.38132,0.99872226,360.2117,245.90797,486.07953,254.12538,395.5481,305.73624,353.86075,387.75275,453.99924,396.27045
47,-1,298.89575,66.80023,594.23193,505.3277,0.9984869,357.40756,244.55353,489.60202,254.4986,390.35056,309.2411,352.8861,395.42905,455.95197,405.08395
48,-1,296.22595,67.71918,592.4004,512.97797,0.9982759,353.37717,248.4119,487.6664,258.11923,387.50574,313.74774,349.43964,401.9197,453.3745,411.604
49,-1,292.60852,71.618385,588.41736,521.6421,0.998408,352.77493,252.08621,483.76212,265.63208,387.89874,312.60815,347.04904,403.63202,448.34564,416.85226
50,-1,291.202,73.86917,586.6196,528.4112,0.998464,351.31433,254.41592,484.3134,267.96283,388.63596,315.42114,347.02072,411.7234,447.40945,424.82773
51,-1,285.03058,74.66164,585.0813,533.6167,0.9987394,349.43832,256.98575,483.7947,271.11685,390.4334,318.32074,347.01254,416.8156,446.8333,430.5338
52,-1,285.4596,76.171,585.5859,541.44995,0.99868387,350.2866,258.62033,485.54803,273.02908,391.89194,323.38556,346.1887,421.44223,448.54407,435.18048
53,-1,283.62982,74.55292,586.1334,542.4812,0.9988433,350.57498,259.7775,487.6376,273.65033,395.74484,325.94925,348.37604,424.05032,451.84467,437.234
54,-1,284.0314,73.85545,588.5615,548.49023,0.9990834,352.01138,262.1684,490.6501,274.4179,399.0773,328.6301,350.24728,428.122,457.01996,439.82086
55,-1,283.4416,70.09865,590.22723,547.55817,0.99925166,352.8314,263.74673,492.58072,275.513,400.502,333.3183,351.52243,429.09195,459.13123,440.29965
56,-1,284.02618,70.40292,589.88434,551.1335,0.99939215,355.2637,266.81442,493.50958,278.88547,402.787,340.44553,352.3102,431.69662,460.01193,443.25027
57,-1,283.75226,79.23897,602.9291,565.608,0.9994985,351.4863,271.3354,492.0482,286.18628,399.16138,354.35358,354.0506,438.81808,465.30515,452.4045
58,-1,284.20575,80.76557,607.75757,574.2641,0.9996101,351.5047,276.583,493.33514,290.6847,398.90652,365.09082,354.4784,445.4748,468.64304,458.11053
59,-1,281.53055,81.87041,608.3022,574.39606,0.9996362,351.48364,282.77713,494.90704,296.4428,399.16995,375.4219,354.82486,452.6142,467.29483,465.11572
60,-1,278.99097,89.46364,608.19324,587.2699,0.99963665,352.9648,292.49127,494.48398,307.60373,402.21768,391.7439,359.03598,462.7753,472.27112,475.91577
61,-1,282.74542,100.725136,611.2168,602.5614,0.99953115,352.73764,306.95404,496.96198,320.77228,403.68494,410.4265,360.017,475.2854,479.60443,487.05725
62,-1,280.3721,107.85921,606.8968,600.7179,0.99954575,354.63345,322.49527,496.24738,336.8967,407.73065,430.42932,360.5622,482.61658,479.6333,494.87262
63,-1,282.1843,125.942856,608.6959,611.0475,0.99949014,353.79346,334.77173,494.1906,348.53278,404.48685,443.60138,361.63834,493.07452,478.23697,504.87024
64,-1,285.2056,124.48775,600.8788,617.73865,0.9995534,352.5056,348.1433,493.56543,359.14487,408.62854,452.53735,359.56946,498.0162,483.3896,509.99872
65,-1,283.24744,127.15651,601.0343,621.17676,0.99953675,351.74054,352.21463,492.19403,362.96027,408.2719,458.14957,359.33435,499.92987,485.29752,511.41205
66,-1,282.38495,127.57524,598.9115,621.8274,0.99952614,351.90005,353.65707,492.62643,364.24304,410.26596,460.5914,359.3519,500.78293,486.41077,511.87018
67,-1,282.05664,126.55975,598.98816,622.0435,0.9995396,351.8416,353.33826,492.7378,363.4884,410.93158,461.4245,359.72443,500.5335,487.55743,511.19052
68,-1,281.6044,124.95035,599.69586,621.2348,0.9995629,351.71887,352.74402,492.22763,362.8392,410.21313,460.90958,360.27246,500.4576,486.99448,511.15237
69,-1,281.72296,123.73537,601.2158,620.36957,0.99958473,352.01038,352.0021,492.942,362.25308,410.35248,460.3093,360.30148,499.59702,487.13876,510.47333
70,-1,281.73035,123.034195,601.19214,619.2234,0.9995876,351.68173,351.57977,492.95264,361.67157,410.40863,461.076,360.24628,499.95343,486.44348,510.63654
71,-1,282.4701,122.46019,600.7127,618.967,0.99957687,351.9383,351.70807,493.7976,360.73462,411.74432,459.6352,359.92276,499.56348,487.69577,509.38123
72,-1,281.23993,132.33199,617.4105,619.66437,0.9995722,348.7649,357.55945,495.91464,362.34775,404.3335,458.87408,359.79944,501.73828,491.92545,506.94763
73,-1,285.03723,119.71195,601.7392,616.4216,0.9995846,351.97604,355.86337,493.21515,365.8575,408.69635,456.29437,358.5621,499.45923,485.78467,509.02893
74,-1,285.56274,115.45151,606.93933,618.1625,0.99955446,352.85773,352.54822,496.3473,359.00455,409.19754,452.77435,361.08112,501.12946,488.42545,507.917
75,-1,281.62927,109.14725,610.59326,623.9979,0.99970347,352.94424,346.40448,498.00708,348.0547,413.1522,443.10223,364.9237,501.00952,494.0889,503.99347
76,-1,278.98874,95.087296,610.3804,618.0864,0.9997043,353.387,332.70358,497.61835,332.38928,416.7386,430.1364,368.8009,492.52902,496.06348,493.60138
77,-1,279.79782,92.01323,615.3385,610.915,0.99973255,353.1106,319.5641,499.72705,314.84875,418.156,415.66586,374.07214,486.19073,498.1375,482.9576
78,-1,283.20944,79.65721,615.937,609.47327,0.9997693,355.51053,315.77628,501.75174,303.45706,423.19724,400.46658,379.5867,482.86157,504.71674,474.5123
79,-1,281.57477,74.03866,619.7694,600.4261,0.9998173,352.8454,304.3382,499.92444,289.30447,422.23428,383.42352,383.08694,473.93283,506.12115,462.3679
80,-1,282.5446,70.42423,615.99005,585.41754,0.99980897,349.98505,298.13312,496.82635,279.65683,420.54965,373.07343,381.9784,464.05655,506.65298,449.23987
81,-1,282.978,69.73067,620.8772,572.74475,0.99981374,349.10202,295.91718,495.19836,273.0115,417.37,363.93237,382.29916,456.11145,507.51346,437.61215
82,-1,283.07266,66.99141,618.0995,562.44354,0.99975055,350.59625,290.5628,495.48404,266.86542,418.5357,354.4849,382.4045,448.50507,505.28287,429.09274
83,-1,284.43732,68.94652,619.3612,556.62726,0.9997254,350.6455,287.75748,495.198,262.2888,418.55542,348.22443,383.60214,443.30804,507.40128,422.15866
84,-1,287.0812,71.63811,617.04175,553.6693,0.9996001,351.6299,286.7935,493.66937,256.3866,420.31598,342.3443,385.90768,440.8011,511.1122,416.1671
85,-1,289.11655,73.69948,616.3062,549.8821,0.99951386,352.5985,285.5987,492.13687,253.77083,419.84064,338.58884,386.9577,437.42618,511.5169,411.7583
86,-1,295.31253,75.14706,620.61255,543.5714,0.9994387,355.27603,287.2099,494.42386,255.72018,416.68512,337.41455,389.20047,436.3812,510.42343,410.49774
87,-1,297.66418,76.07291,622.1754,539.73865,0.9993787,357.13644,286.2392,495.79523,255.36131,417.05017,335.26526,389.97293,434.1788,510.3108,408.74658
88,-1,295.7404,76.27674,618.48553,543.43036,0.99937683,356.76642,281.99622,495.0294,254.26236,422.0787,332.00604,389.9558,432.35687,512.8313,409.95062
89,-1,298.266,77.32027,621.88824,540.53174,0.9994087,358.66876,281.00586,497.54974,255.0888,423.84967,331.02667,391.4221,429.9944,514.4868,409.22238
90,-1,299.9938,77.92204,624.3784,540.5157,0.99941635,360.25244,282.10715,498.59485,255.9234,424.68097,331.35657,392.9405,429.73355,516.0892,408.7709
91,-1,306.60208,79.19899,623.139,539.007,0.99937904,364.10553,285.49115,501.5322,258.12222,422.52646,335.8539,393.93378,432.72742,515.1419,410.6284
92,-1,299.89862,74.80028,618.0107,531.8671,0.99925095,366.93256,287.04224,500.43704,260.8383,426.51135,336.13034,401.34164,427.09296,515.7233,404.2697
93,-1,304.531,81.40753,624.6828,536.1596,0.9991301,363.23843,284.00803,499.9339,259.84357,424.50336,337.02155,391.4886,426.82803,514.5015,408.10455
94,-1,308.51022,82.28516,628.27026,536.43304,0.9991386,366.96057,284.379,502.1496,263.45853,424.84113,336.95514,392.55334,426.10266,513.4321,410.13892
95,-1,312.2408,82.434235,628.7571,534.9586,0.99873227,372.10907,287.29272,503.12943,267.97314,426.925,336.29193,396.50885,426.35574,510.3876,412.04056
96,-1,319.58344,79.32243,619.2861,519.3074,0.99838424,381.61688,286.48218,511.18607,265.89636,435.63535,341.54514,406.0255,424.70874,514.3158,408.20386
97,-1,320.67645,79.42697,622.15173,517.5327,0.9983595,382.31357,283.46036,515.1302,263.1254,438.2797,339.56848,406.77048,423.70575,517.3006,407.44693
98,-1,318.23273,81.09094,634.5145,527.8354,0.9985134,377.1449,281.57068,510.67346,259.5004,436.96555,333.4071,407.1137,423.36636,522.04114,405.5724
99,-1,319.47546,82.019615,638.5565,528.13635,0.9985832,378.4243,280.39264,513.5845,256.3265,439.61166,331.66324,410.48483,424.1354,525.229,404.48645
100,-1,319.78992,81.26082,629.5814,530.77185,0.998777,380.74597,280.1786,515.3571,253.6319,443.7094,329.40097,412.8929,430.11063,525.0721,409.0075
101,-1,320.55368,81.19419,629.1929,532.40125,0.99892443,379.9068,279.5804,516.0426,251.53654,444.4693,328.2219,412.14764,429.56018,528.2165,407.0824
101,-1,182.18056,668.70264,380.43423,1000.9551,0.79158556,249.37216,748.9684,261.57422,751.3293,201.44649,802.34973,218.61006,890.6109,232.43279,889.61365
102,-1,320.5179,80.3978,628.6875,534.4249,0.9990864,379.3425,279.01398,516.03876,249.89957,445.07687,327.51996,411.59943,428.8745,531.162,405.23175
103,-1,320.35156,80.29329,629.4428,535.4373,0.9991697,378.4559,279.07098,515.86584,249.08546,444.2463,326.39725,410.90378,428.97153,532.0633,404.5442
104,-1,320.3506,80.51131,630.0879,535.67474,0.99920326,377.9416,279.9651,515.915,250.38196,442.79056,326.4275,409.31458,429.19434,530.9191,405.2127
105,-1,320.14993,79.976616,631.07056,534.4951,0.99922395,376.86517,280.3882,514.2281,250.63275,440.2022,327.24597,408.77634,429.0552,529.94476,404.7879
106,-1,320.15524,80.3558,630.61926,533.755,0.99921477,375.67572,281.2619,512.4717,251.9114,436.7844,327.92648,406.47937,428.9419,527.4488,405.10187
107,-1,303.5582,74.95037,627.01843,525.93866,0.9992242,371.55563,280.89786,509.372,251.45995,435.94595,329.401,410.7602,427.40952,524.4759,402.15143
108,-1,305.99878,75.96344,625.35895,528.42847,0.9992718,373.3431,286.35724,507.00522,256.5942,434.31174,330.9988,410.31113,426.2624,523.4929,400.46295
109,-1,305.6882,78.23967,623.13654,530.5427,0.9992865,372.15466,287.35406,504.0031,258.47446,431.8641,332.12225,408.60065,426.56998,521.24524,401.4435
110,-1,304.7145,78.657074,619.74146,532.8781,0.9992428,370.78522,287.86066,501.2847,260.77216,428.9538,333.1673,406.57773,428.87,516.1289,405.52414
111,-1,307.03693,81.9845,628.1809,539.39386,0.99925476,364.28073,283.51376,499.4956,259.10596,422.84726,333.4345,394.2095,428.98666,514.30273,410.0458
112,-1,304.8348,83.65284,626.849,541.2755,0.9992199,362.08948,286.06653,496.82074,261.30002,419.9714,336.69724,392.8505,431.18893,511.7315,412.1552
113,-1,302.90683,83.50895,626.9845,542.2194,0.999275,361.17236,286.95874,496.2815,263.17206,419.11676,340.86896,391.79877,431.78055,511.10904,413.50323
114,-1,305.80954,78.05963,628.18494,539.28796,0.9993406,360.38907,286.62274,496.0824,263.82205,416.6658,343.36594,393.87918,437.36588,507.217,419.21124
115,-1,304.82013,78.320786,627.8271,540.9337,0.99938524,359.9305,288.54984,495.64874,266.2186,415.9535,347.29993,392.96732,439.5918,506.81143,421.87573
116,-1,304.3173,79.76715,628.6641,543.16187,0.99941766,359.81723,289.85425,495.8825,267.01715,416.3405,349.61642,393.84595,441.6873,507.76694,423.57437
117,-1,305.09653,80.34859,630.09155,546.55585,0.99944085,361.05048,290.96863,496.01443,268.91974,416.73553,353.2998,394.05423,442.20746,508.83496,424.8813
118,-1,305.10175,79.58772,631.9577,549.33344,0.9994948,362.0103,291.60297,496.68073,269.93677,417.29178,354.98633,394.34296,442.83725,509.84897,425.95566
119,-1,305.9975,81.163574,633.5564,550.4227,0.999446,362.91562,293.08752,497.46686,270.9958,418.17877,356.26422,394.9156,443.08182,511.31522,425.89294
120,-1,306.01276,84.22113,629.34204,551.61084,0.9993426,364.4096,294.2497,497.90247,272.1822,421.84933,359.3662,396.1483,443.45807,512.57043,426.21246
121,-1,298.77444,78.70375,619.7265,551.93,0.99937135,367.44443,302.01584,502.54697,274.86438,427.4733,363.0116,401.91476,447.3496,517.85474,424.1718
122,-1,301.028,82.14222,621.98145,551.0906,0.9993253,366.28986,302.1271,503.7445,276.63516,426.5302,365.24768,403.28796,450.39444,516.28235,427.89935
123,-1,303.6408,80.68793,618.6272,550.8851,0.9992667,371.6104,302.59818,504.3928,277.76575,430.77454,367.9683,405.91162,450.69373,516.4153,429.38452
124,-1,305.24185,82.40671,619.90497,551.9901,0.9992417,372.7118,304.64978,505.15338,280.10165,430.84732,370.12543,407.01746,453.42465,514.8901,432.46582
125,-1,305.2453,86.18887,619.4633,552.928,0.9991768,373.57474,307.1081,505.00055,282.39764,431.4331,372.75262,408.4076,456.20203,514.13837,435.28143
126,-1,312.988,94.66534,634.43536,555.208,0.9991404,370.4069,301.81094,502.382,283.97632,423.70255,375.55145,399.61984,449.89017,512.5088,435.98953
127,-1,313.27258,94.366135,635.4676,556.75,0.99912554,369.8751,302.99432,502.54694,285.49518,422.6355,377.53033,398.94315,451.7132,512.14716,438.14255
128,-1,313.2967,95.67168,635.5311,560.4272,0.99905866,369.63153,304.9767,501.4574,286.9058,421.65018,378.17316,399.77402,454.63647,511.78635,440.50888
129,-1,313.70926,96.88425,634.7267,563.2218,0.99902785,369.99527,306.1718,501.09677,288.27795,421.87543,379.2946,400.379,456.6356,511.75412,442.57004
130,-1,314.25055,98.44896,634.90515,565.7866,0.99898404,370.0924,308.55795,501.1317,289.53915,422.19,380.89746,401.84567,459.5847,512.7986,444.633
131,-1,314.48975,99.12134,636.24207,566.6806,0.99903107,369.5351,309.6324,501.38007,290.8856,421.5691,383.2811,402.15683,461.0721,513.41077,446.33502
132,-1,313.90802,98.68046,636.7032,567.0492,0.999032,368.95822,310.62283,500.92575,292.14987,420.63257,385.65903,401.85803,462.21875,512.9344,447.74564
133,-1,312.82724,99.79298,636.4517,567.4796,0.9990902,368.63663,311.72385,501.36624,294.2967,420.89545,388.13647,401.41086,463.8121,512.2616,450.2441
134,-1,311.36365,100.018196,635.0409,568.8383,0.999074,367.9781,311.9167,500.39755,295.4969,419.97223,389.28098,400.74298,465.49615,509.89807,452.7865
135,-1,310.16547,101.37909,631.21313,570.06287,0.99906987,366.95636,312.95752,498.0581,297.49966,419.02277,390.5874,399.1999,465.99707,507.75726,454.30386
136,-1,308.8558,101.370605,627.5659,570.1985,0.9990588,366.44318,313.82132,497.0238,298.9781,419.0837,391.8352,398.44113,467.0714,505.80667,456.03638
137,-1,307.87244,101.10724,626.7284,571.9696,0.9990532,365.9248,313.7407,496.6767,299.9095,418.51276,392.90512,397.37616,467.43695,505.26627,457.1424
138,-1,304.8123,95.164474,618.7709,577.2904,0.99912685,366.684,318.43127,501.45755,295.30096,423.6026,396.4956,400.31915,475.29303,509.46283,456.22125
139,-1,302.66528,95.28284,618.82654,581.7667,0.9991732,364.08408,320.19913,499.9205,295.84692,421.2795,396.83667,398.39877,478.11447,509.47015,458.05792
140,-1,303.729,104.340225,625.5299,579.51996,0.99921954,362.16144,317.56464,493.58527,305.38153,413.13013,399.32043,392.86023,472.66098,500.5481,464.1831
141,-1,305.1494,97.37614,627.305,579.4172,0.9992393,362.55603,317.99634,492.84247,307.81378,406.3197,403.47437,391.33987,477.5373,491.8333,469.67728
142,-1,298.6607,97.60118,614.16705,579.8465,0.99923587,356.30508,325.17657,492.52573,305.66495,408.72745,411.30975,390.39398,484.43433,495.2435,467.90833
143,-1,297.67157,102.967926,612.2249,582.4218,0.99921024,354.5927,331.68964,491.33478,311.55518,408.1511,418.5703,389.0584,490.4747,494.17157,473.60446
144,-1,294.69818,105.89723,611.65894,589.7728,0.99923027,353.54816,338.6501,490.1176,317.58038,408.60394,425.44006,388.9815,497.2577,494.19336,479.7537
145,-1,292.62622,114.03017,611.60956,594.6146,0.9990916,352.3097,343.99402,489.87427,321.77734,409.9541,433.25528,388.52444,501.78723,495.58145,483.41214
146,-1,296.7556,122.56651,615.3731,610.9957,0.9990528,355.3063,343.12405,489.40475,331.59177,412.30432,432.72174,388.3746,499.46527,500.62085,491.77872
147,-1,295.72162,130.26985,618.24963,601.68604,0.99922025,356.62973,345.90732,489.74005,336.93454,410.3439,437.5971,389.29834,500.16565,495.54263,494.17755
148,-1,294.44278,130.30656,620.3298,600.32684,0.99928147,358.6643,346.70575,487.97827,338.26657,410.28275,439.86377,390.72568,497.83813,493.24884,492.37595
149,-1,294.6063,128.96365,619.42584,598.0793,0.9993038,358.77185,346.9078,487.77066,337.9147,411.46896,440.30432,390.50153,494.69113,496.1504,488.4186
150,-1,294.94608,127.10043,619.9184,597.14935,0.9993747,358.40167,345.86993,488.86542,335.9682,411.91492,438.794,389.53946,493.31488,497.14062,486.05432
151,-1,294.73615,126.64186,619.66693,596.9038,0.9994036,358.23065,345.00397,489.69992,334.9552,412.4291,437.87167,388.19528,492.03458,498.14166,484.4449
152,-1,295.31592,124.24515,619.3781,596.7377,0.999469,358.4052,342.65186,490.4299,332.98114,412.40158,436.07742,387.1695,491.78076,497.9645,484.3849
153,-1,295.83667,122.34526,619.60205,595.07745,0.9994703,358.85754,341.3237,490.86514,332.10345,412.65323,434.09583,386.88345,489.66373,498.33987,482.57257
154,-1,295.81995,120.36751,621.26276,593.603,0.99951386,355.8808,342.1294,491.1066,330.63144,411.00912,430.3025,383.05457,487.09814,502.82114,478.51483
155,-1,294.5392,114.20206,621.715,593.44635,0.99951017,355.14978,343.3331,487.958,332.36145,408.32697,428.97336,382.8185,484.68198,501.4704,476.49866
156,-1,292.96576,107.4597,622.26013,590.2015,0.999503,355.4255,336.37418,486.06873,329.83762,404.97345,425.50125,380.09503,477.70554,496.28793,473.40906
157,-1,296.3156,102.17024,611.93085,596.8823,0.99952066,352.02374,333.58972,481.47794,321.30713,401.98682,410.33124,375.0915,477.79575,494.11404,469.299
158,-1,298.0881,93.67603,622.3128,591.4824,0.99959713,350.2149,321.1212,484.19577,307.09357,396.16522,395.01724,372.28775,472.27905,493.42758,462.9207
159,-1,296.0624,86.24342,618.4808,583.1548,0.9995746,347.28583,306.01868,479.4098,291.2609,390.42264,378.61725,371.0677,464.05,486.49533,453.30786
160,-1,297.62518,73.41236,617.53217,570.38293,0.99958533,350.21823,297.54703,483.80917,280.7758,392.17776,368.21426,377.28912,460.53665,482.69574,447.60077
161,-1,301.21036,68.41547,620.98334,567.1716,0.9995846,352.01077,287.91528,488.09576,272.49506,392.2266,359.72156,376.67664,453.18,484.74756,441.26154
162,-1,299.5249,67.46759,622.8594,563.26953,0.9996711,353.25616,287.2963,490.08316,270.1161,396.27667,352.987,378.42966,448.1108,490.68124,434.548
163,-1,299.66647,67.57532,624.6062,563.91974,0.9996865,355.8315,287.07156,492.58386,269.14136,400.39914,351.20917,380.88577,446.7499,495.50482,432.3837
164,-1,300.6821,66.918884,628.0028,562.4862,0.9997174,357.97083,287.97736,494.7005,269.69904,402.3658,352.39273,382.07227,445.3992,498.19843,430.67102
165,-1,300.35553,66.28399,628.3797,561.9249,0.99968374,357.792,290.25137,496.54675,270.68222,404.77966,354.4018,384.0791,447.1066,501.43692,431.0749
166,-1,310.20862,73.8562,634.3848,558.2156,0.99963665,362.14352,289.70776,496.56058,279.1187,405.25266,356.1935,381.45312,443.32416,498.81976,435.9874
167,-1,309.6371,72.23045,638.26263,562.5713,0.99969184,364.1525,293.93024,498.29657,284.41592,407.37283,360.92267,381.86057,445.36374,501.62442,439.4485
168,-1,308.32736,78.22979,635.02563,567.22345,0.9996462,365.99295,298.31232,497.29843,291.20166,410.61453,368.59067,383.59143,444.93588,504.57904,441.2434
169,-1,305.55316,85.467316,633.0922,571.06775,0.9997029,365.44604,301.88718,502.09106,293.95325,416.1958,374.72595,381.69705,447.31897,510.3358,442.04105
170,-1,301.73492,89.74016,638.92596,579.9256,0.9998035,363.25525,308.19943,506.00204,299.4555,418.43472,384.26093,380.08362,453.33844,516.7565,446.9065
171,-1,303.9661,86.326004,637.2487,581.95544,0.99982136,364.61057,310.269,506.93518,298.86276,422.81158,388.5901,385.47012,460.51923,518.78906,450.73914
172,-1,301.1099,82.65863,636.22845,580.8342,0.9998301,364.1807,310.96124,507.0839,297.52292,425.46478,388.42737,385.8872,459.29358,521.31396,447.50565
173,-1,296.42828,82.387985,633.7302,575.682,0.9998596,358.63742,305.49966,508.86392,286.59076,428.3744,375.54883,382.0331,453.74823,526.69824,438.22696
174,-1,292.11835,74.91026,626.9272,570.6711,0.9998492,357.1654,302.87024,503.5293,280.53677,429.3398,370.37582,382.86627,448.2525,527.0662,429.46262
175,-1,287.9566,76.199326,625.0481,566.076,0.99984014,351.9477,304.52835,498.07678,275.2722,425.21103,365.4091,382.14694,447.19864,526.5026,422.38235
176,-1,285.93503,81.639496,624.7071,563.5431,0.9998155,349.10126,305.47992,493.75647,272.5137,421.5764,362.14737,382.45163,446.1177,524.9312,418.34488
177,-1,285.02808,84.01165,622.7571,561.8529,0.99978906,348.8382,304.91663,493.36188,270.62155,421.93973,360.74976,382.86823,445.63092,523.8979,416.80566
178,-1,285.05594,85.5459,618.55524,560.3933,0.9997347,349.41238,304.1233,493.39642,269.39597,424.69257,360.26172,384.2022,444.41498,524.7639,415.14236
179,-1,285.8301,85.39641,619.27686,559.82947,0.99974006,351.13007,303.7638,495.17346,268.9056,427.5212,359.21344,386.48447,444.76303,526.44006,415.24518
180,-1,285.71457,82.729095,618.6982,566.2562,0.9997737,353.3383,303.07254,497.46805,268.43106,431.90317,358.90112,388.4083,447.22894,529.789,417.5929
181,-1,286.52725,79.46097,622.50824,572.0979,0.99983,355.2393,300.9664,500.22275,268.39352,433.7913,359.42,389.78555,448.8401,532.24786,420.7594
182,-1,287.5855,77.52857,624.10394,572.5452,0.99983835,357.2723,300.93625,502.47885,271.0311,435.958,362.6161,390.38925,448.61755,533.058,422.84
183,-1,288.05536,77.86452,621.7113,570.7466,0.9998211,357.25604,303.7588,503.07062,273.65866,437.5806,368.1894,390.5799,449.5905,534.223,423.65265
184,-1,288.07324,79.07327,620.8434,572.5323,0.9998142,358.29407,305.0322,504.371,276.76385,439.64023,372.1773,391.0841,450.9462,534.7011,426.34708
185,-1,288.68576,80.918045,623.4411,574.5645,0.99983096,358.57913,307.59613,505.66602,280.4936,438.83243,377.46155,390.0572,453.13605,534.2993,429.61798
186,-1,290.17975,83.37724,627.94495,575.89777,0.9998548,358.74188,310.22342,507.11,283.2519,437.11,380.69897,389.08862,455.3388,534.7573,432.00363
187,-1,290.4185,83.79547,629.33496,577.9835,0.9998566,358.9046,311.36462,507.4172,284.1698,436.88516,382.1975,389.2632,456.61533,535.2097,433.1111
188,-1,290.23328,86.14267,629.18134,580.06995,0.9998541,358.75092,313.12933,507.32202,286.39337,436.12027,383.91568,388.40292,458.0399,534.77435,435.0771
189,-1,289.91757,85.54201,627.96924,579.6112,0.99985194,357.78488,312.98224,506.2673,286.2919,435.12338,384.24698,387.60382,458.52603,532.88916,435.7713
190,-1,289.75467,86.435715,627.418,579.2213,0.9998505,356.66364,312.682,505.04974,286.0448,433.4495,384.44064,386.93686,458.8785,531.2935,436.28247
191,-1,289.1463,86.38233,627.1049,579.3288,0.9998479,356.14053,312.86206,504.5784,286.99484,432.64606,384.92923,386.5812,459.34943,530.164,437.45264
192,-1,289.3259,85.644,627.2334,579.3555,0.9998512,356.02158,312.71814,504.3067,286.61133,432.1243,384.4989,386.6709,459.5952,529.87524,437.5504
193,-1,289.50598,86.31357,627.2149,579.34033,0.9998448,356.2384,312.85947,504.49112,286.765,432.26965,384.5485,386.9543,459.97134,529.60864,437.97424
194,-1,290.10162,86.78633,627.37885,579.7259,0.9998429,356.35257,312.5839,504.72998,286.0985,432.35394,383.62857,387.07816,460.321,529.5847,437.99896
195,-1,290.32214,85.08877,627.0233,578.6791,0.99984384,356.54822,311.59778,504.97467,285.36856,432.7506,382.46863,387.2303,459.67828,529.70764,437.46994
196,-1,290.57928,84.750656,626.523,579.3606,0.99984205,356.4164,310.8333,504.99542,284.39075,432.5144,380.941,386.51782,459.36005,529.60345,436.96698
197,-1,291.0053,83.200745,631.8367,579.3939,0.999866,355.69183,311.6781,504.4388,286.40704,426.66818,377.09714,384.28394,459.58234,527.2272,438.07898
198,-1,289.36945,83.70083,631.4379,587.9681,0.9997991,359.28143,309.56906,501.49936,285.33508,425.38522,369.58044,390.75055,467.07352,517.34094,447.11328
199,-1,290.80737,79.13048,627.93665,599.4156,0.99980944,357.07443,302.96527,500.0388,277.2447,421.65518,360.92255,390.25342,475.55783,508.87476,456.19968
200,-1,291.0869,78.661,627.4429,597.32404,0.9997621,355.16708,296.3892,496.21347,272.0596,414.82874,353.7835,388.78082,475.30115,498.24115,457.35626
201,-1,292.32907,75.732346,628.4677,585.4773,0.99975425,352.57043,291.47876,496.272,267.91373,408.77905,348.09573,382.44357,467.62363,493.39972,450.29575
202,-1,293.11395,70.91429,623.6371,569.13153,0.99958533,351.7019,284.6114,494.61847,262.85995,407.8186,343.13104,381.42584,458.1923,488.0326,442.50168
203,-1,295.8387,71.27916,624.43695,562.5386,0.99952316,353.9797,280.6661,493.2337,259.59796,407.45404,335.28912,380.84494,447.11066,491.9567,431.85947
204,-1,299.73428,71.42574,621.0646,554.1637,0.99951077,355.54776,273.78607,496.81308,258.2181,410.2431,329.98196,377.86694,437.9523,492.93234,426.84903
205,-1,307.0063,67.233734,626.1535,549.5625,0.99955064,359.99783,274.778,500.4991,258.88623,408.4699,333.61914,380.47156,439.7203,493.44977,427.59692
206,-1,308.52408,64.87352,632.1437,550.625,0.9996427,362.92902,276.54742,503.66483,261.44717,410.6726,334.00946,383.49606,440.321,497.33545,428.96082
207,-1,306.94205,70.058044,632.95105,556.0365,0.99960715,364.63675,274.16135,505.1142,264.43228,417.59647,330.71448,384.23767,433.80536,502.82382,426.80566
208,-1,311.2245,68.161865,634.68567,558.6747,0.99959224,368.4336,279.44653,510.8413,266.61862,418.53143,338.05292,386.63733,443.49277,502.59018,434.23996
209,-1,313.91513,70.92152,638.4316,562.34454,0.9996482,370.66748,281.37662,514.312,267.5614,422.42935,339.33972,388.57755,444.50098,507.6202,434.6083
210,-1,310.70975,65.85228,639.70416,548.5526,0.9996519,377.42517,280.8914,518.4173,265.16187,432.28326,340.3211,401.63037,439.7272,514.1829,426.64154
211,-1,310.93228,64.776535,643.05206,546.966,0.9996735,379.44846,281.618,522.1847,266.28802,435.04352,340.87613,402.36954,438.2209,517.7689,425.41675
212,-1,312.57446,66.908356,645.57996,548.7632,0.99967074,380.95505,283.17142,523.3931,267.09357,436.04205,342.34845,403.80142,439.35602,519.4184,425.9825
213,-1,315.02884,67.26574,645.67596,549.49713,0.9996569,382.54926,282.2475,524.5239,267.45355,437.12088,343.5355,404.58206,439.35284,519.7061,427.11835
214,-1,321.3056,74.36537,643.72516,563.8197,0.99966097,379.0019,283.7322,524.61505,269.43066,434.2835,343.23868,394.2032,443.82828,518.0294,434.09045
215,-1,322.03232,74.63838,643.22516,563.1226,0.9996455,380.1694,282.95172,525.75714,268.5795,436.20486,342.54773,395.10178,442.7307,519.31714,432.90552
216,-1,323.1325,73.803925,644.00415,566.6143,0.99968517,381.0775,281.18854,527.1224,267.18192,437.91132,340.83203,396.34424,442.29095,522.05804,432.73383
217,-1,315.92947,69.68666,648.89417,553.0807,0.9996892,386.5978,280.4386,527.79736,265.2472,443.18915,339.71027,407.8442,436.85034,525.5539,424.1396
218,-1,323.6131,69.50258,644.6853,562.0309,0.99971694,382.2637,275.5075,527.16644,262.29843,439.58224,340.2753,398.25558,436.87283,524.0776,427.97162
219,-1,323.26163,70.54497,646.489,561.18054,0.99970907,382.71762,275.87793,527.0636,262.21436,439.98862,339.43875,398.61728,434.44763,525.9489,425.0215
220,-1,322.78336,71.91284,645.0971,561.25653,0.99963987,382.90054,278.30182,527.66266,264.7114,441.7065,339.57858,397.70212,434.40594,528.0702,424.66675
221,-1,322.39688,70.87013,643.66364,560.7974,0.99961853,383.14957,278.72617,527.9102,266.24713,441.26376,340.1854,396.68344,434.96585,525.6352,426.1932
222,-1,321.98035,72.74805,639.6413,564.1814,0.99962664,382.0319,278.86188,526.4383,266.74994,440.07916,341.0915,395.7834,438.81238,521.34937,430.692
223,-1,321.38098,74.35144,637.1588,569.0461,0.9996113,381.71466,280.405,523.38934,270.93457,436.8405,345.19122,394.1566,441.40723,516.73596,435.6422
224,-1,322.90616,74.34784,632.08484,577.52,0.999501,384.44913,279.6213,522.69214,275.99338,435.5966,350.89197,393.03717,446.8112,509.18338,446.52795
225,-1,318.27692,74.456345,635.89185,563.8679,0.9993999,385.28506,279.82974,523.821,281.30774,431.038,352.5728,393.99036,445.85547,501.46808,448.6914
226,-1,321.66577,72.62184,640.5359,575.26953,0.99955624,387.58902,280.71863,525.6356,282.36407,430.48386,353.57816,393.59537,454.26935,500.252,457.06763
227,-1,320.01413,76.12947,642.6421,582.68005,0.99956614,385.24753,283.6928,525.2506,287.48752,428.6825,366.96323,392.03864,458.56702,502.50262,463.48718
228,-1,318.5909,75.45849,644.3051,584.0392,0.9995633,382.57596,287.91385,526.228,289.8551,427.3441,373.4993,390.14407,460.54245,505.40234,463.6767
229,-1,315.81827,77.01544,647.7703,582.96814,0.9995821,381.8483,291.09424,527.6012,293.77954,428.9507,378.32922,391.52957,462.83887,506.4616,466.55704
229,-1,261.5498,658.1796,510.91345,1006.5168,0.7119208,333.43628,733.1544,338.5721,751.8049,265.49146,785.44653,297.08917,869.07764,299.46902,880.5161
230,-1,315.64462,79.80147,647.72144,583.9607,0.9995421,382.07816,294.73224,526.7799,296.52142,429.43167,383.06848,393.2436,465.43915,506.58743,468.32648
231,-1,315.43173,79.633446,650.3235,585.1176,0.9995635,381.78812,296.05136,527.1866,297.53226,428.6899,383.52576,393.4047,467.47107,505.44067,470.0832
232,-1,322.48557,82.95269,648.8234,583.9396,0.99961436,383.58905,297.33078,522.0995,306.01324,421.59424,394.04315,390.31436,467.74963,493.90256,477.5771
233,-1,318.70084,80.27635,642.73914,604.3646,0.99973124,380.13278,301.25574,517.6024,310.29453,421.99533,395.54807,387.044,472.3517,500.2034,482.53198
234,-1,318.90335,82.87283,643.3745,609.60486,0.999747,379.46506,304.18723,517.5,311.85117,421.1873,396.0334,386.35803,475.50705,500.30356,484.61816
235,-1,318.31,83.51976,644.1737,609.72046,0.9997509,379.04868,305.37405,517.53467,312.46793,421.1555,396.72717,386.4922,476.15485,500.8373,484.74533
236,-1,318.01404,83.458466,643.06805,608.6158,0.9997328,378.906,304.9531,517.4797,310.9976,421.95853,395.86627,387.55392,476.59277,501.0393,484.2213
237,-1,317.28113,81.55859,644.0475,605.0399,0.99972993,378.0041,303.62994,517.86914,309.99237,421.4613,395.8023,387.25986,475.75494,500.81378,483.43356
238,-1,316.45926,80.16516,645.4221,604.9869,0.9997365,377.89767,303.7246,518.47437,309.77933,421.5342,394.82843,387.37994,475.8728,501.15463,483.25577
239,-1,315.92188,78.28894,647.2832,604.94214,0.9997582,377.6811,302.85175,518.88245,308.70807,421.0765,393.99298,387.19943,475.30084,501.7455,482.4245
240,-1,316.2428,80.6877,646.77686,602.94165,0.9997346,377.4992,302.7728,518.9246,309.15845,420.5897,394.21906,386.49576,474.6305,500.8383,482.11908
241,-1,316.3967,80.4129,646.5903,601.40533,0.9997223,377.63126,303.05438,518.97833,309.44177,420.91843,394.6841,386.63687,474.5102,500.3998,482.01666
242,-1,316.06903,80.079895,644.862,600.6749,0.99968374,377.8906,302.2797,519.26166,307.7299,422.27466,392.85028,387.5969,475.04187,499.3775,481.78116
243,-1,316.78162,80.948715,644.36035,600.2838,0.99964905,378.13217,302.03293,519.1873,307.33167,422.83563,392.8324,389.36057,475.99097,498.84647,482.72446
244,-1,315.8172,84.18953,648.24854,594.00916,0.99962056,377.08365,298.4569,527.0433,297.60193,428.54718,388.56857,394.8086,481.88535,494.96365,483.04126
245,-1,316.7731,85.04555,647.51904,595.30524,0.9995604,376.31967,297.67834,527.03156,296.8841,428.05353,387.7428,395.77454,484.16653,493.54977,485.30014
246,-1,317.9813,85.966095,645.1833,594.52484,0.9994548,376.6442,297.11383,526.80896,297.03943,428.35767,388.422,396.19363,484.5138,492.95404,486.21228
247,-1,317.78937,81.92337,644.318,597.0925,0.99949896,379.1505,298.23798,519.742,304.23856,422.09537,389.7213,391.33176,477.02084,493.95334,484.5201
248,-1,309.5441,81.397156,649.9235,599.5086,0.99951124,379.67358,295.47113,526.05005,296.43945,426.90244,382.1297,391.2088,476.2595,500.8183,478.6621
249,-1,316.76804,81.432785,645.83527,593.7818,0.99959034,376.8931,293.96686,524.9787,292.41565,425.82648,382.3203,392.21036,476.9551,496.07675,477.44696
250,-1,317.59265,80.10591,645.44977,593.3944,0.9996213,376.8844,299.63504,516.0915,300.01834,418.72794,378.7224,387.94498,471.79767,495.91428,474.40698
251,-1,319.64963,77.98311,642.5845,582.5836,0.9995216,376.02206,297.23972,514.08746,298.6282,415.2666,376.2467,385.14032,465.40063,491.95746,469.0699
252,-1,322.0092,75.21971,643.48663,571.9342,0.9995315,377.5513,291.37653,515.63275,292.85718,415.4406,369.74585,384.91217,458.0014,490.73593,462.23087
253,-1,324.56412,73.76169,647.2703,564.52905,0.9995383,376.779,287.57916,514.4705,285.5274,412.3073,363.19974,385.19864,453.8116,488.79297,455.3991
254,-1,315.36746,72.00596,642.1762,560.4768,0.99956554,376.15414,287.25693,514.08356,278.78998,419.3643,353.0605,394.02213,455.78308,493.49353,450.43475
255,-1,316.8798,72.081985,641.06415,560.7726,0.99960905,376.7756,284.5365,515.0225,274.56296,421.99286,349.58337,395.60703,453.16144,498.6722,446.3214
256,-1,317.8669,72.889404,639.2309,558.6314,0.999589,378.11783,283.62628,514.0859,273.09607,421.80106,348.93674,396.984,451.78497,497.6702,444.40912
257,-1,317.02515,75.71812,637.05664,557.87573,0.9995347,377.22,283.96655,513.283,272.97125,422.23447,349.8507,397.96683,453.97067,496.26712,446.37024
258,-1,317.56375,75.82619,635.30347,558.83685,0.9993973,377.94153,283.12463,512.8523,273.57428,422.59305,351.75723,399.2086,457.605,490.9001,451.64853
259,-1,318.54877,77.495,634.60565,566.9118,0.9993363,378.80173,283.635,513.06506,272.67737,424.40237,352.70633,401.64316,463.1681,492.30563,455.96713
260,-1,318.31747,76.57196,634.42944,575.5908,0.99936265,378.86893,282.1944,514.1481,270.12454,425.8833,351.13623,402.9627,467.40112,493.54715,459.22607
261,-1,316.8868,77.25786,631.52606,576.0926,0.9993703,378.33145,279.87698,514.075,268.39716,426.8073,351.21555,402.74982,468.26324,491.9757,460.82428
262,-1,315.14572,74.9077,630.53937,576.7566,0.99945754,376.84555,278.68683,513.5528,268.99673,424.6554,352.10944,399.2324,467.73474,489.5772,461.76245
263,-1,314.35547,74.822174,632.1252,574.8407,0.9995216,375.23877,275.88263,512.8367,270.94592,418.59402,349.92053,391.06662,463.54395,484.0783,461.6308
264,-1,310.94165,73.12193,629.7951,569.6874,0.99956876,373.5488,273.19754,513.54205,275.0696,416.77188,348.91168,383.27847,457.36893,480.0773,461.25006
265,-1,310.9567,74.39999,628.89087,570.92535,0.9994981,373.6197,275.07397,514.96576,281.98584,416.0977,355.14838,378.0779,456.32324,478.46603,464.25766
266,-1,312.84613,74.27687,631.74817,579.9915,0.99950385,376.0306,281.04556,519.2602,292.1886,416.04968,367.72403,374.84802,461.14117,479.93338,472.5083
267,-1,311.2508,80.31175,633.345,586.2068,0.99951327,376.0596,287.08386,520.64343,297.36636,420.1147,372.61694,377.62225,466.45215,485.44464,476.99997
268,-1,310.7637,80.14664,634.41815,584.6198,0.99950767,375.75964,288.773,520.94226,297.5406,421.51184,372.68286,379.2284,465.4858,488.6814,474.7693
269,-1,309.0275,79.225525,634.8751,583.6732,0.99956673,375.26352,288.17932,521.64105,295.54532,422.1746,371.15692,378.93527,463.62155,491.10007,471.7251
270,-1,309.66476,77.692986,636.16833,584.0615,0.99962306,375.72958,287.45096,521.6279,292.77676,421.96112,368.40042,379.89932,463.13812,492.54657,469.39606
271,-1,312.19547,74.034485,642.16,581.5756,0.9996834,373.4876,288.04483,519.71625,295.25217,415.91757,372.53778,378.04767,461.2181,490.5385,468.9157
272,-1,314.09985,71.82392,643.2218,581.4549,0.99971515,376.7078,285.1397,520.1821,294.00775,417.47476,370.02008,379.6092,456.40363,493.63013,465.59085
273,-1,316.48114,71.04689,646.4417,580.50085,0.9997644,378.37314,283.92606,522.1084,291.3694,419.8133,367.68097,381.43985,453.82385,497.93008,461.72653
274,-1,317.47,70.42833,645.8161,578.6929,0.9997867,379.8862,283.52597,522.2741,290.25784,421.60794,367.49896,382.07797,450.41324,500.40768,457.77573
275,-1,317.5477,70.955315,646.8118,580.85333,0.99980193,379.4422,284.4368,522.223,293.56763,420.5672,370.26373,381.30914,451.9616,499.681,461.44443
276,-1,318.18286,74.64189,644.882,583.55255,0.9997696,378.6736,285.3178,520.87115,295.73746,419.25436,374.12244,379.6368,453.25006,499.38217,463.9838
277,-1,316.47134,80.71461,648.06464,583.2601,0.99972814,381.96555,286.68707,530.30023,294.3494,426.77765,373.72833,381.1637,456.10745,501.36005,464.2311
278,-1,321.25446,87.06646,649.01526,588.21783,0.99975246,383.55838,295.89264,523.78094,308.33377,420.7735,389.8784,382.4097,462.22632,498.27148,474.56372
279,-1,323.73706,87.54065,649.81934,589.32935,0.99974245,386.6823,296.78726,524.9958,309.37512,423.96283,390.87738,385.4225,462.89737,499.65335,475.46362
280,-1,323.3636,89.20633,650.7038,583.1858,0.9997031,384.21036,288.60107,534.5986,295.5734,431.6034,377.3492,388.8982,459.3905,507.01776,467.02664
281,-1,327.22,81.86868,651.4854,582.0967,0.99967515,386.09674,285.21817,533.89154,290.2836,431.0852,371.19537,391.35696,458.4357,508.46967,464.05838
282,-1,330.7031,78.89519,649.30383,581.1461,0.99968505,392.01074,282.5458,530.7616,285.3039,432.29037,362.47327,398.43008,453.56064,510.25644,457.86758
283,-1,330.7847,79.01192,648.5073,577.88116,0.9996877,392.37595,280.83966,530.22974,282.1952,433.2996,357.28925,400.42697,451.8948,509.97256,455.00323
284,-1,329.6169,76.54077,650.22327,574.6204,0.9997291,392.64093,279.36502,531.6504,279.52878,435.15137,353.5841,402.0174,450.55518,511.64114,452.70847
285,-1,330.2427,75.23552,650.68066,570.2117,0.999724,392.50348,278.6514,531.83386,279.29584,434.9012,353.84924,401.91672,448.64426,511.52078,451.1212
286,-1,330.99387,75.32065,651.0971,570.28357,0.9997185,393.47018,278.7388,532.90375,279.3898,435.89227,354.05878,402.35934,448.2682,512.6931,450.66177
287,-1,331.47766,74.72983,652.57324,567.61786,0.999729,394.81918,278.23895,534.4663,279.20535,437.50885,354.28632,403.43042,447.28183,513.3053,449.91016
288,-1,331.59613,75.561615,652.8,568.29047,0.9997458,395.77286,278.44104,535.48987,279.31787,439.0015,354.3562,404.12024,447.57022,514.516,450.11255
289,-1,330.5517,75.31828,653.60004,565.02496,0.99973947,395.51602,281.04846,535.73236,281.60147,439.6267,354.39374,404.35516,446.71432,515.7333,448.99957
290,-1,327.27676,77.877335,655.2377,565.13696,0.9997522,393.91006,289.61578,532.2644,286.47763,437.44177,351.59155,405.04276,447.75507,518.2754,446.373
291,-1,330.43106,80.62735,652.429,568.65405,0.999627,392.42004,294.15222,529.177,287.35083,435.84573,353.99063,408.1698,451.62817,520.3291,447.0724
292,-1,334.32812,80.45757,655.84595,566.0023,0.999637,389.61816,289.61053,528.0158,284.11987,436.24374,360.4992,403.7422,448.84323,519.39154,446.0951
293,-1,325.57404,78.7832,647.60596,563.81055,0.9995994,389.24622,295.96277,524.8208,278.5603,439.76212,358.807,415.12854,452.65323,526.5059,438.9477
294,-1,320.58997,78.78712,645.14386,561.0377,0.99954563,385.71222,295.59363,522.6947,274.18686,439.66125,358.10773,415.2872,450.77783,528.2954,433.54803
295,-1,327.64838,85.06845,637.4113,569.797,0.9994362,386.8699,292.94427,521.56445,275.33112,442.71753,353.3017,407.726,448.4996,524.4136,436.39294
296,-1,327.97794,85.8123,637.99493,559.9375,0.9993349,387.4699,290.3487,526.6445,276.34555,445.1295,354.2425,406.71948,447.27057,520.8116,437.47046
297,-1,323.031,83.09442,634.1986,557.0706,0.99916196,390.90515,290.40738,526.7308,277.24445,447.69904,360.15073,414.6961,448.09058,523.7611,438.19818
298,-1,324.06094,82.063126,634.4517,558.2098,0.9992593,394.61932,291.3644,528.6678,279.1772,451.16696,365.09045,419.10437,451.1545,523.68365,441.97443
299,-1,329.6122,88.50792,637.67773,559.53,0.9992828,396.68686,289.94278,534.7094,284.7246,456.52106,366.97302,414.4161,448.66333,523.79584,446.44467
300,-1,327.05402,83.96553,636.97,559.531,0.99938023,396.84384,291.09607,537.17,287.19708,460.03265,370.55725,413.25613,449.07974,526.51874,447.48035
301,-1,325.74243,85.8629,634.57965,560.12915,0.99930644,396.25174,293.66837,536.1994,291.68848,459.7581,375.4516,412.68387,451.7558,524.05536,452.0526
302,-1,323.67465,84.49345,628.8684,580.9883,0.99943596,396.74872,297.5251,533.50684,294.78018,459.58832,376.2301,409.771,459.76367,521.67114,460.32596
303,-1,321.3263,85.87622,627.82825,583.72406,0.9994142,392.89032,297.3518,530.94135,295.17175,455.89493,374.27692,407.34494,462.59802,518.0528,463.6615
304,-1,316.00864,89.08598,640.1174,574.1138,0.9994746,389.97757,292.30832,529.59393,294.44833,447.68994,373.64343,405.4438,459.46042,512.40546,462.0781
305,-1,313.96667,86.91751,636.72516,574.80963,0.9994247,388.4958,290.2791,526.7737,293.50912,445.24884,369.64606,403.59183,459.55017,507.21893,463.2528
306,-1,311.36264,89.552155,631.59955,570.5166,0.99935454,386.61447,288.65628,524.68976,294.29364,442.529,370.85052,399.7518,456.96704,501.89273,462.43427
307,-1,308.05618,89.12248,625.9212,567.3337,0.99919957,384.17383,287.09717,521.47375,293.69403,439.83502,371.16675,396.42993,454.91974,496.97427,461.45233
308,-1,306.4508,87.62825,621.83887,562.5603,0.9991873,383.21848,286.50806,519.36774,293.01788,438.42422,369.1573,394.86008,452.82324,493.01868,459.5845
309,-1,304.60068,85.73616,617.75806,557.27124,0.99921453,381.46646,286.0359,516.8664,292.55515,437.1817,370.04422,393.65146,450.1667,491.31534,457.09882
310,-1,301.7354,85.62265,615.7765,554.53925,0.9992009,379.6403,286.16806,515.23157,292.38995,436.13147,368.95428,391.59274,448.74597,488.88736,455.67337
311,-1,300.7814,85.70988,613.27966,553.5836,0.99915063,377.63663,286.3663,513.35614,292.06348,434.14258,368.62366,389.59055,448.4462,486.99182,455.14984
312,-1,300.102,86.67313,608.7256,555.9304,0.99910873,376.52396,287.43494,512.2035,292.94543,434.1877,367.94803,387.7843,449.1902,486.3714,455.91617
313,-1,298.9334,87.104225,605.03033,554.62506,0.9989993,374.5641,287.19232,510.30386,292.2009,432.9839,367.8286,386.48846,449.3629,484.22662,455.65826
314,-1,300.9502,90.21013,599.85284,562.309,0.9988611,375.37823,291.5262,505.6881,291.67798,431.66168,366.88016,388.3277,452.9175,484.92703,455.11783
315,-1,298.0258,90.270905,602.0468,553.79846,0.9986731,372.67874,288.65787,505.24133,292.5859,428.41196,369.81702,386.74597,449.6914,481.56433,455.15375
316,-1,299.5979,89.94457,597.4005,562.88873,0.99884427,373.02164,292.0236,501.61145,293.84314,427.0182,369.2384,384.44745,450.53696,482.5249,454.45386
317,-1,296.4656,88.5486,601.0011,554.1031,0.9988851,369.36945,288.70428,502.84363,292.46838,424.03738,369.51157,382.16913,448.96545,479.76672,454.46295
318,-1,296.68533,88.299774,601.1641,554.2384,0.99889684,368.8134,288.4085,502.28036,291.5164,423.01642,368.63284,381.71082,448.93115,479.61618,453.9256
319,-1,296.8175,87.30577,602.27795,553.824,0.9989532,368.25476,287.65918,503.03894,290.10086,423.07556,366.67935,381.55658,449.11316,480.193,453.4933
320,-1,296.58282,86.36562,601.95856,556.69,0.9990752,368.4699,287.73145,504.0408,289.38336,425.22464,366.0771,381.81314,449.6191,482.86462,453.26654
321,-1,296.5958,83.68935,604.02704,559.7168,0.99924767,369.97156,287.3575,506.2706,288.99316,427.95935,363.5869,382.4206,448.89404,486.18597,452.4199
322,-1,297.2275,83.36153,606.05676,563.01544,0.9993303,370.5879,287.1684,507.60934,288.3367,429.0567,362.7983,382.77722,449.3707,488.82104,452.36508
323,-1,297.67343,81.35362,606.90186,564.4249,0.99937314,371.6023,286.66522,508.28278,287.46997,430.4509,362.72235,383.2721,448.71448,490.8947,451.50372
324,-1,298.51816,80.24306,609.2685,566.76874,0.9994566,371.60092,285.44315,508.93375,285.43387,430.54227,360.09323,383.60336,448.66486,492.99945,450.73
325,-1,299.09952,80.46045,612.0555,568.2285,0.99946517,372.09265,284.96143,509.44403,284.2815,430.66852,358.143,385.16302,449.48718,493.90524,450.865
326,-1,301.2017,77.575226,617.9322,571.4878,0.99952686,373.73376,282.74997,509.51233,282.02988,429.4427,355.39807,387.75916,449.68652,494.53235,450.91647
327,-1,303.2275,72.22633,623.64307,572.6059,0.9996044,375.42883,279.83746,511.54202,278.19064,430.15482,350.7578,390.195,449.54584,495.65643,449.95416
328,-1,306.79715,72.28392,626.79456,576.6424,0.9995553,379.6676,280.40747,513.15515,278.52155,432.50406,341.799,393.96326,450.93744,497.21744,450.87994
329,-1,313.39032,67.91937,628.3795,579.2274,0.9993643,384.3267,278.83142,525.4571,274.1484,436.77667,338.55923,392.40735,456.01147,498.3023,453.91565
330,-1,318.45047,66.17792,620.4392,570.53687,0.99924767,378.0636,271.7056,519.46155,268.21002,437.48965,331.61868,402.90894,454.3544,503.18945,451.98715
331,-1,313.70145,73.347916,632.2346,576.7304,0.99938774,382.3327,265.27814,521.5451,266.42728,438.8166,326.55316,399.02365,446.53253,501.30865,449.602
332,-1,319.11932,63.82433,634.3334,576.11255,0.9994991,385.83542,264.18347,528.77106,262.9538,437.90076,328.4685,394.9627,448.17896,497.72015,449.02704
333,-1,321.62054,61.731625,633.92206,573.2513,0.99945766,388.75696,260.7342,531.5449,261.1601,441.7649,326.99756,397.36902,444.3943,499.82367,446.81137
334,-1,323.66412,63.230553,635.9934,569.8724,0.9993765,391.5751,258.31586,533.234,259.84888,444.17078,322.76706,400.30713,440.83127,500.75833,444.49194
335,-1,326.0475,62.11565,639.3913,565.067,0.999345,393.84668,257.6383,536.09875,259.34744,446.82578,319.18405,401.8331,436.55746,503.71268,440.91895
336,-1,330.8748,55.829506,636.34735,553.931,0.9992555,390.74173,252.19154,536.3717,254.00774,445.31287,317.70868,404.56656,432.8856,512.37024,435.90012
337,-1,335.04605,63.178844,642.78894,555.94147,0.9993556,398.24466,253.35272,540.01495,254.69424,452.51755,317.076,406.6098,428.7352,514.02563,432.99332
338,-1,336.91632,64.1591,644.86084,552.7903,0.99937254,400.94934,253.91212,541.8374,259.41644,454.40866,320.15042,407.58536,426.32764,515.47546,433.93
339,-1,334.4172,59.048557,651.9337,547.94946,0.99942684,406.66562,256.9873,544.9845,263.91702,457.68692,321.7622,410.76938,422.36487,517.041,431.05972
340,-1,336.75436,56.582508,655.787,542.8638,0.9994709,408.17444,256.07455,547.47107,264.7398,459.0598,323.35974,411.2352,419.62866,519.4649,429.80072
341,-1,339.11533,55.83391,659.91486,543.7269,0.9995353,408.05887,256.43753,548.3826,263.94208,458.95737,323.13947,412.07202,419.74933,524.188,428.91583
342,-1,344.26645,58.21907,665.09717,546.21136,0.9995596,411.53848,258.26138,557.8182,265.91638,459.85315,327.01007,407.13345,419.21326,529.43805,427.15295
343,-1,346.71982,57.302742,666.00226,547.1725,0.99959105,412.9705,257.78223,559.94763,265.67172,462.6068,328.43613,408.95697,420.09796,532.5554,428.45465
344,-1,348.01828,57.53277,667.1376,547.74023,0.99961483,414.8638,258.64825,562.4116,266.87708,465.196,329.40213,410.58667,421.46207,534.03864,430.22095
345,-1,349.3368,56.277676,669.6266,549.4152,0.99965405,417.39023,257.20416,564.7848,267.37393,467.1956,330.77606,411.94464,421.9051,533.89197,432.42645
346,-1,350.5122,56.37579,668.93744,551.15424,0.9996519,419.55225,257.29407,566.23236,268.3916,469.942,333.15466,413.21933,422.97443,534.13367,434.5495
347,-1,350.94196,57.117786,668.3454,552.86487,0.99964595,420.5965,258.6063,565.7101,268.8354,471.17264,335.2913,414.63364,424.2545,534.5188,435.1482
348,-1,349.2405,57.17079,677.99603,557.23517,0.99971217,416.22113,255.526,570.46124,260.67752,468.90152,331.43216,418.52744,429.3836,540.7168,436.07446
349,-1,353.60876,58.403397,679.1478,560.30585,0.9996747,417.84326,259.0894,571.66644,263.11703,470.0212,334.79352,422.60672,434.9615,542.96075,440.39658
350,-1,357.30615,60.381165,677.7958,565.2831,0.99970704,423.20114,265.54468,566.2894,274.60114,470.80344,345.68463,421.5113,436.98438,535.952,447.40228
351,-1,358.64093,60.63204,681.8937,568.1315,0.99972373,424.36203,266.46375,567.4494,276.98688,470.4648,350.1056,423.42932,440.76947,535.0902,452.4076
352,-1,360.06067,60.008698,686.7465,572.91315,0.99968565,427.45978,268.2355,568.7634,279.65778,469.69498,352.29883,426.57257,445.8651,531.6637,458.36362
353,-1,358.7943,65.51853,684.1802,588.3265,0.9996674,420.4867,266.92548,572.5327,273.4967,472.17972,347.87326,431.7987,464.18045,530.95483,471.12036
354,-1,358.17374,67.04239,681.0196,594.42065,0.9996549,421.29187,271.03482,569.4602,277.9221,472.51102,353.36166,433.55643,470.7843,528.80286,478.20154
355,-1,356.66504,65.63454,686.7273,595.38306,0.999716,426.22824,277.88623,569.70886,288.95276,466.88165,365.05093,427.29868,468.1225,529.50934,479.2032
356,-1,354.80582,68.66159,689.35815,601.98456,0.9997632,423.97742,283.06888,568.2709,296.0421,461.7855,371.84006,422.73703,473.17883,527.1696,485.5458
357,-1,359.79324,73.38383,688.514,607.85443,0.99972564,422.71588,286.7788,570.6921,299.44464,463.90988,376.42096,420.75204,482.44708,525.4838,494.8155
358,-1,359.84732,74.102936,690.0802,611.02167,0.9997321,423.116,288.22488,572.2685,300.67566,465.1244,380.79684,422.33746,485.8501,527.11835,497.97287
359,-1,358.50638,82.76564,689.6067,605.5438,0.99970824,425.26895,292.63333,568.639,304.39557,463.55435,384.08694,428.05954,483.82156,525.77136,496.10352
360,-1,360.98624,86.89724,690.75867,604.2712,0.9997013,429.247,292.89243,572.7651,306.04193,467.80206,384.682,429.52664,483.05756,526.9631,496.38495
361,-1,363.98932,87.4077,692.6424,604.1809,0.9996778,431.7047,292.77493,575.63696,306.92603,470.51477,384.70642,430.6983,482.8089,529.06665,497.0227
362,-1,364.42267,87.5757,693.5771,602.93396,0.99969995,433.05566,291.35327,577.7564,305.86624,472.54553,384.1139,430.50107,480.858,530.3954,495.40247
363,-1,364.42947,84.512115,693.90344,601.12915,0.99970657,433.39536,290.0362,578.97003,303.0111,474.4557,384.0834,431.83633,479.0876,533.3684,492.30743
364,-1,364.7833,79.34658,699.68494,605.06586,0.9997186,434.3704,291.32663,582.138,301.97513,478.94135,380.63226,434.78375,478.4938,544.6212,488.9173
365,-1,366.8359,80.96897,698.32385,601.29004,0.9996544,435.273,291.25272,582.0365,301.91083,480.71164,380.5581,436.50723,475.81693,546.3038,486.2417
366,-1,368.53778,81.13786,698.063,596.7987,0.9996152,435.80548,290.6194,583.19025,301.1662,482.2531,378.5127,437.0598,472.24915,548.3668,482.5822
367,-1,366.82864,84.585724,694.13635,585.6672,0.9996113,435.11523,292.46442,582.4514,301.2421,482.25912,379.88318,437.8937,470.85028,542.6028,480.54224
368,-1,365.45654,82.79434,694.7848,583.0313,0.99965,434.36224,292.3347,582.46643,301.2511,482.25018,379.95053,437.88312,469.3891,543.68384,479.07132
369,-1,365.8401,84.48555,695.07544,583.4094,0.9996648,435.1482,292.4311,582.5626,301.32376,482.72122,380.30807,438.18033,468.9949,544.17267,478.62607
370,-1,366.00998,84.39172,695.69354,582.31616,0.99967456,435.00897,292.52606,582.64777,301.3295,482.66898,380.4181,438.28888,468.52402,544.36523,478.0919
371,-1,365.40158,82.58545,696.51105,579.25256,0.99967647,434.821,292.2732,582.51764,300.63196,482.49832,380.29636,438.79535,466.41382,545.2437,475.4909
372,-1,368.912,82.11328,697.5667,580.4429,0.9997104,433.87567,291.09045,583.24,302.2892,482.53857,379.58893,437.5715,465.2776,546.2217,476.11996
373,-1,368.26962,82.05753,697.95844,580.36847,0.99973744,433.79843,290.6328,583.0406,302.3093,482.23474,379.0602,436.88104,464.3781,545.8247,475.60443
374,-1,368.21576,83.34671,697.7408,581.37933,0.9997291,433.38223,291.1246,582.43994,301.7962,481.75073,378.24368,436.54724,464.06866,546.5501,474.42752
375,-1,362.7134,81.99299,696.9262,580.9312,0.99969447,430.97375,293.82117,578.7918,299.15417,478.88794,377.20975,437.44708,464.58252,547.3047,471.0107
376,-1,367.30594,85.677124,697.5788,581.1,0.9996933,432.59192,299.94464,571.08044,311.59824,473.38916,382.95923,434.7104,458.8059,548.91077,470.4529
377,-1,364.17313,80.25629,697.1095,579.2841,0.9995956,432.43582,298.0506,570.62054,310.12802,473.46793,380.7413,433.55634,455.25177,547.7362,467.7208
378,-1,364.3048,80.03508,695.6217,577.16095,0.9995351,432.17035,299.12296,569.10706,311.14438,472.27243,380.39554,432.50937,453.98163,546.0469,466.64752
379,-1,364.77502,80.713974,696.1774,574.35425,0.99949634,431.91833,298.82693,567.97723,309.98294,470.52914,379.60385,433.71085,454.4657,543.8061,466.4651
380,-1,369.17316,82.3094,689.8758,568.899,0.999419,429.66705,300.22495,569.24365,305.75925,471.69608,374.90726,438.94656,462.00916,540.5161,468.19635
381,-1,369.47668,72.238754,686.3191,569.09845,0.9994578,425.15433,299.67188,567.33453,301.98663,466.971,373.89508,432.40073,463.07874,539.9766,466.42502
382,-1,366.34262,76.691246,686.064,575.4462,0.9994499,423.20966,298.3006,564.9021,295.3607,469.52454,367.17578,441.53906,470.63248,538.37756,469.573
383,-1,362.16135,78.27488,687.38556,575.17163,0.9994924,419.79102,291.74716,563.2425,283.98624,468.1433,358.8843,443.7158,470.58148,537.5218,465.66992
384,-1,353.53275,69.47922,683.4366,568.61444,0.99951506,412.0215,288.9198,559.0489,275.88538,464.53632,352.94986,441.58798,467.79938,537.1209,458.21536
385,-1,350.95242,76.77395,679.85913,571.42053,0.9994554,411.25104,289.82388,552.5048,274.15826,460.48572,350.603,438.7324,461.28864,540.5092,450.1963
386,-1,346.63388,66.9935,672.85315,557.2544,0.9992931,400.3151,282.9968,544.12054,263.3215,458.0368,341.86896,444.1039,460.20868,532.4707,444.7611
387,-1,337.0052,73.846146,665.92365,556.7217,0.99934393,405.72202,284.54898,543.2551,262.35864,464.4656,337.86108,441.62326,456.22284,538.4498,438.45593
388,-1,335.2866,75.92331,661.1017,553.25964,0.99934906,400.90466,284.2464,541.4323,258.27267,461.81158,329.7455,441.5076,456.77637,535.6729,436.59552
389,-1,332.0978,74.42959,661.5379,549.13947,0.99939823,399.5579,283.9213,540.7715,256.7976,461.769,328.01498,441.7629,454.33823,535.7394,433.29922
390,-1,330.85715,73.90476,660.6884,547.55383,0.99943644,398.55396,283.44632,539.8411,255.72372,461.22928,328.3832,441.6951,453.4106,535.7605,431.90143
391,-1,331.31158,73.633026,658.95325,546.53735,0.9993999,398.5718,283.2483,538.63947,256.38434,460.25,329.08032,440.90414,452.61734,533.97925,431.76303
392,-1,329.801,72.954926,658.8374,548.9021,0.99947137,397.6643,283.2312,537.9952,256.45282,460.28003,330.08908,440.42755,453.6377,534.7433,432.77496
393,-1,329.04932,74.10211,657.7172,549.3496,0.9995091,396.61362,282.9578,537.59534,256.69476,459.5465,329.58777,438.47797,452.2568,535.7171,431.75433
394,-1,329.53088,73.14396,659.3984,555.0787,0.9995672,396.38907,283.76074,538.0879,256.02704,460.4301,330.94803,439.93527,455.89807,538.93427,434.02267
395,-1,329.80252,72.32561,656.8183,557.0968,0.9994973,395.84552,283.88516,538.3504,256.72086,461.60355,333.88354,439.8495,456.4062,541.8535,434.68536
396,-1,329.28775,73.32527,657.18823,561.31396,0.99951756,395.93286,284.74945,538.66626,257.60577,461.91507,336.57516,439.4035,457.96603,543.3849,436.27728
397,-1,329.04553,72.67447,656.68353,565.83075,0.9995448,395.90607,284.71936,539.01025,257.83264,461.97174,336.81668,437.89847,458.72327,544.60583,437.10666
398,-1,335.11948,74.01974,663.04565,567.2837,0.999546,396.8415,281.7162,537.3756,260.65692,457.92633,335.08917,431.87424,454.93408,540.5795,438.6607
399,-1,331.67734,81.86344,667.0083,577.3864,0.99959105,393.80386,287.2297,539.2628,264.2128,458.64212,334.46234,429.83047,459.42303,543.96857,442.24493
400,-1,336.53278,75.98578,666.0423,573.3096,0.9996791,400.5917,287.9331,544.819,264.08316,459.80048,337.7588,428.2852,458.03314,541.61664,438.80847
401,-1,338.3185,72.24728,664.9703,570.57306,0.9996649,402.70923,287.70236,547.5239,264.47174,462.68997,342.23813,426.07477,453.72418,544.53186,435.08948
402,-1,336.5886,73.69068,669.05536,561.75714,0.99968493,401.06354,281.727,546.5666,265.57056,465.21494,341.8839,428.4366,446.55243,548.249,433.9431
403,-1,338.5027,72.96127,669.2673,563.2472,0.9997168,404.40808,282.4618,550.9296,267.69995,470.9503,346.84143,428.84537,444.42133,553.7501,432.92557
404,-1,340.91544,72.854294,669.1179,563.843,0.99971217,409.03546,283.54965,555.7875,271.95715,477.02646,349.9756,430.42883,444.24908,556.9891,435.02505
405,-1,345.38425,73.048874,661.5829,569.449,0.9997094,413.45865,285.92883,561.3573,272.31116,482.404,354.54868,429.98807,446.88696,558.6306,436.17108
406,-1,345.94363,72.14546,662.2879,570.3918,0.99969435,417.00723,285.89124,565.4348,273.5588,488.26947,354.5913,433.69873,446.87744,562.395,436.712
407,-1,346.35773,71.827126,664.0458,570.91077,0.99972564,421.19827,284.92294,570.2071,273.43958,495.69238,353.69458,438.72485,447.55792,566.09155,437.86053
408,-1,347.79147,72.19026,667.8013,568.9125,0.9997403,426.02,283.05484,574.8377,271.37112,502.5325,351.85757,444.8655,447.5084,569.61554,437.28296
409,-1,348.2167,72.07216,669.7262,568.89294,0.99975115,428.45563,282.64087,578.8114,272.64117,506.64752,353.90515,447.06696,448.2584,573.1322,438.91125
410,-1,347.3205,69.577675,670.10394,568.8775,0.9997725,432.04483,282.63483,583.65405,273.54254,514.70483,354.1643,450.10324,448.92624,577.5273,440.1401
411,-1,347.29727,69.211334,670.1538,569.87427,0.9997603,434.4704,283.121,586.582,274.165,519.7507,354.69968,451.698,449.42365,580.2574,440.818
412,-1,345.96033,69.908295,671.1106,576.16614,0.99977344,435.6417,284.31134,587.377,274.77582,522.3345,356.98383,454.13403,452.01727,582.77997,442.857
413,-1,344.34674,72.823395,667.11646,582.2214,0.9996754,436.5102,284.43958,585.8261,275.84515,521.6402,355.0564,456.76788,459.44763,576.4332,451.4784
414,-1,344.5135,77.6718,668.09155,594.3073,0.99965024,435.7533,288.37332,584.9229,279.3241,520.62665,360.42084,461.72513,472.776,574.72235,464.33826
415,-1,342.09277,81.03117,665.78796,602.85254,0.9996105,434.86197,294.1328,584.2876,284.41592,523.19855,371.97998,463.48505,482.15967,575.2023,473.1436
416,-1,342.19785,88.23877,667.1676,611.4562,0.9996176,436.59274,301.37363,585.71747,291.82315,525.77844,379.8242,464.79608,489.07135,577.7419,480.2794
417,-1,341.77545,95.10197,668.8246,619.38916,0.99966276,436.0575,311.84784,587.41345,300.23105,527.25964,389.47455,463.83514,497.0254,580.5074,486.568
418,-1,343.39786,103.17139,669.72003,634.7858,0.9996476,438.89227,322.88925,591.5962,309.986,531.614,405.4413,465.9576,510.71222,584.31934,499.0709
419,-1,341.93295,110.40114,670.63794,637.994,0.9997098,441.59998,333.96225,590.5697,325.3398,531.17566,422.45547,465.94293,517.05884,581.4322,508.76004
420,-1,342.40247,115.29527,669.32086,647.8131,0.9997094,440.87784,343.12885,591.7782,333.54984,532.68097,431.26453,462.42764,522.2754,585.2418,513.29767
421,-1,342.79898,116.27931,668.5534,646.34534,0.99968576,442.0331,344.83228,592.5407,334.34445,534.9621,433.32037,464.1842,522.61194,587.13403,512.83154
422,-1,342.63702,116.19076,668.424,642.7081,0.9996817,441.74747,344.82965,592.4374,334.54163,534.80615,433.39584,463.69617,520.629,587.0533,511.02432
423,-1,342.77133,116.449524,666.9257,639.4874,0.9996654,442.37067,344.95865,592.19006,335.0388,535.2239,433.76773,463.6021,518.43506,587.0054,509.16925
424,-1,342.83398,115.32297,665.84235,634.89105,0.9996314,441.7521,344.27423,591.56006,334.1947,534.3429,434.3803,461.98608,515.7121,585.88477,506.355
425,-1,343.6297,115.66911,665.2831,632.6838,0.99962854,441.08975,343.78583,590.23157,333.35263,533.2664,433.5119,461.0794,512.118,587.5264,502.61395
426,-1,342.29242,115.09271,665.0284,630.8098,0.9996511,440.13113,342.8623,589.38116,332.83282,532.04083,433.4665,457.62143,508.09113,587.9262,498.9568
427,-1,340.89536,113.33739,664.70917,631.5543,0.9997298,438.5143,341.17804,587.87964,331.45505,530.8274,432.80188,454.58035,504.2886,589.3101,495.4378
428,-1,339.5403,112.21176,664.4077,631.433,0.9997588,436.64926,341.93042,587.0107,331.68903,529.76166,432.089,451.7723,503.1331,589.50354,493.88452
429,-1,339.01645,111.45386,663.5578,631.6755,0.99976236,436.385,341.55902,586.8556,331.3296,529.7133,432.4508,450.09494,501.6095,590.1902,492.3859
430,-1,338.77652,112.6956,663.81213,632.0116,0.99976546,435.6506,342.6731,586.78436,331.93207,529.62915,433.59067,449.6287,502.2519,590.8225,492.58636
431,-1,338.93265,114.54094,665.1428,631.87103,0.99977344,435.60303,343.89246,587.36584,332.9329,529.585,434.27243,449.40155,502.4038,591.6752,492.60553
432,-1,339.60703,114.5894,664.1022,633.3912,0.99976605,435.69864,345.01886,587.6896,334.96484,529.2869,435.43597,447.7372,502.3161,592.0361,493.28027
433,-1,339.25494,116.43144,668.0514,630.835,0.99981207,437.87207,348.9572,588.1476,341.95538,526.3665,437.24554,444.5686,501.36215,588.3234,495.0681
434,-1,338.01453,119.57733,682.2658,628.9075,0.999777,433.86523,351.44473,589.13934,339.98782,524.2367,431.63986,451.6079,504.1178,595.9459,493.5371
435,-1,342.3138,114.974,665.80066,627.9031,0.9997565,437.7588,350.9687,586.3852,342.77158,524.04486,438.59656,442.12045,499.17905,586.89526,492.3003
436,-1,340.51782,111.20178,666.89795,626.0755,0.99979275,436.88452,349.3742,584.8586,341.14465,522.1022,435.24167,442.1941,497.50583,585.68634,490.5796
437,-1,340.51056,107.14011,683.47107,621.1268,0.99979585,432.76352,344.98615,587.6743,333.0216,518.9081,425.28455,449.1403,496.80566,592.62854,486.68747
438,-1,336.64386,101.3994,682.4422,620.8745,0.9998031,432.2296,337.09137,586.50836,323.5133,520.1161,411.5371,449.0538,491.00604,592.1086,479.60968
439,-1,332.176,95.7012,677.5551,608.67126,0.9997788,430.55,324.38144,580.3747,313.53766,516.6016,397.70618,448.32193,480.7742,583.22473,471.54718
440,-1,332.47577,87.00153,675.0982,601.5862,0.99981123,427.28482,313.98755,575.03406,301.56638,510.0421,380.42297,445.34476,470.30652,578.5669,459.6082
441,-1,334.0226,84.126854,658.01294,598.64966,0.9997503,418.0116,301.8298,570.37036,283.9627,504.0939,356.83234,437.69022,466.3941,577.41144,451.07742
442,-1,321.61438,72.367004,661.9315,591.75934,0.99981445,409.61813,287.96954,561.03143,273.90524,492.77814,338.1609,434.54065,457.55884,563.4011,445.02954
443,-1,318.99512,73.92162,664.4198,593.1694,0.9997974,398.43295,277.4491,555.5248,260.92624,483.22754,320.83826,433.19238,458.70496,561.4224,444.7905
444,-1,317.20898,71.30934,655.57666,582.79974,0.9997693,394.90536,271.2826,549.16595,254.82297,477.91794,310.05908,428.8642,449.40778,554.9134,436.01355
445,-1,318.36353,68.35336,641.39197,558.1633,0.9996232,392.74246,265.01852,544.18854,249.29639,473.51416,303.08582,422.10837,434.3761,546.4725,422.0224
446,-1,316.57834,67.13501,639.2947,538.28577,0.99949574,389.83105,263.351,539.92,247.96883,466.76788,301.8152,416.5399,424.74457,537.7707,412.76126
447,-1,317.56485,65.696396,636.51575,531.2521,0.9993692,386.64682,262.60492,535.5163,245.06366,460.57803,299.1181,412.17807,420.61554,535.197,406.7714
448,-1,317.71603,62.436504,634.42883,526.8478,0.9992879,383.8813,260.1628,532.6732,243.82251,453.5664,297.3019,405.442,417.73065,528.0302,405.1375
449,-1,318.70264,64.888824,644.22314,522.4224,0.99911195,379.1109,255.29117,525.8329,244.17006,442.6611,299.11057,403.2796,412.6262,518.98035,404.42245
450,-1,321.5439,63.195457,632.57764,524.60913,0.9992824,382.99872,260.73825,530.75916,250.0814,445.03522,306.10672,396.4054,418.24548,514.03906,411.2938
451,-1,321.77362,63.849125,637.2886,536.48584,0.9993831,386.23907,265.2885,529.2423,258.01312,441.78076,317.69244,396.37753,422.7981,511.6582,418.05505
452,-1,324.23306,69.620346,635.0751,542.7338,0.99948066,383.19403,267.9257,527.8622,261.79007,439.16083,327.95178,392.78067,426.5357,513.894,423.4872
453,-1,324.7584,70.6772,639.7367,553.0024,0.99961424,385.53543,274.22546,530.1241,269.1713,441.60388,337.51367,394.98874,433.28702,517.6477,431.06033
454,-1,324.47177,73.81348,640.2866,560.87274,0.99971944,388.14557,283.33777,533.69116,276.13287,449.04163,347.35672,397.78925,437.2041,527.3762,433.45453
455,-1,324.669,73.78084,640.1343,565.23145,0.9996731,389.29788,287.23553,533.6494,277.6411,451.6343,354.40363,402.1366,441.50818,530.40125,435.96155
456,-1,323.38846,76.6869,636.45355,556.8198,0.99953496,387.66354,287.0682,532.46606,279.4894,449.8319,355.2283,401.47314,444.05786,522.81226,439.47113
457,-1,324.41104,82.86806,649.18695,558.83484,0.99950445,384.1594,289.81207,529.71906,280.4373,444.7156,359.19623,403.2402,446.10394,526.8273,439.254
458,-1,321.4706,82.21419,633.16223,561.31805,0.99950385,381.21002,291.92123,524.5683,286.55856,439.20828,367.6102,395.491,447.9988,517.16534,445.73016
459,-1,314.28577,83.13503,638.6877,566.67596,0.9995047,381.03745,290.7744,526.01843,284.1751,436.91995,374.1821,401.35022,456.60263,512.23944,452.2874
460,-1,312.24036,90.21393,635.70575,576.6166,0.99958974,379.23724,296.00815,523.9582,291.88718,432.73087,378.36945,396.58176,462.40485,507.0344,459.973
461,-1,315.36887,89.25047,633.22754,580.19324,0.9994759,379.97623,295.6772,522.6368,295.3956,430.0759,382.40106,395.38635,465.09717,501.01944,465.99695
462,-1,316.43555,87.96759,630.83936,578.7466,0.99945766,382.43448,299.9108,520.943,301.09344,429.64062,383.66254,391.58942,467.0265,495.52325,469.07928
463,-1,321.38116,86.573944,637.12744,578.24884,0.99942845,386.54236,300.86285,526.7364,299.3636,435.359,382.62375,395.7319,467.8329,504.39502,467.79706
464,-1,325.1983,85.20415,637.53455,575.5358,0.9992895,392.0893,299.09543,530.928,297.7524,442.26,381.68848,401.3891,465.1099,509.0799,464.9574
465,-1,328.25638,84.32738,636.69824,569.2981,0.9991478,395.05112,298.45944,532.78644,295.633,446.49493,380.51404,407.03815,462.79556,512.91956,461.19482
466,-1,328.32953,92.720856,637.8183,570.54376,0.99915695,394.16882,295.0758,530.19446,297.84378,447.29367,380.39343,408.4652,458.1282,515.3092,462.83954
467,-1,328.09256,92.5815,637.7529,570.2759,0.9992459,395.30383,294.67532,531.77124,296.96826,449.64337,379.58176,408.36118,456.30835,517.8928,460.59253
468,-1,328.2359,93.07898,640.7972,569.07043,0.99931514,395.4341,295.15662,532.73865,297.1206,449.80035,380.49536,408.22473,454.10907,520.6556,457.9585
469,-1,327.66135,92.85097,639.01215,574.71606,0.99943787,395.13364,296.89517,532.6758,298.5248,450.7604,382.679,406.78735,455.198,522.89746,458.7842
470,-1,326.95657,93.9306,634.09454,580.76404,0.9994293,394.24277,299.51498,530.3821,300.86676,450.28424,385.14545,405.02094,458.02863,522.30096,461.67477
471,-1,326.05246,94.52025,632.47955,581.2619,0.9994265,393.02988,301.2923,529.175,302.32877,449.26758,386.2514,403.73605,458.61557,521.99286,461.9522
472,-1,322.2088,88.78445,638.74805,574.82764,0.99944943,392.43997,295.15317,534.3623,293.47174,449.57034,385.33325,409.29657,461.326,517.8605,459.98703
473,-1,326.35504,87.128716,638.54944,579.06195,0.99946433,395.5863,299.26245,534.27747,293.87537,450.2769,381.67953,409.49005,464.74756,520.3866,461.09134
474,-1,326.1612,93.602715,634.5396,572.90076,0.9993186,393.24335,298.24075,529.3624,299.0339,447.5908,380.43887,404.62122,457.31476,516.82587,460.3794
475,-1,326.74933,92.34999,632.8675,566.6754,0.9989496,393.82858,302.6198,525.044,303.8489,445.14255,381.34393,404.09534,453.59583,515.39795,456.8196
476,-1,332.49994,89.71727,637.4835,557.3563,0.998933,394.2855,303.14667,528.54974,298.60773,443.67493,370.31854,410.42798,454.61826,513.3867,451.49783
477,-1,328.21964,87.46164,636.11426,557.02344,0.9990946,394.0652,299.99326,527.52435,296.5683,444.16614,366.03485,409.14777,450.97427,511.3762,448.79297
478,-1,328.7192,84.038864,637.504,557.666,0.99919707,393.41858,292.62128,527.83215,287.85565,443.1977,364.30035,409.5379,448.12677,512.2148,444.6495
479,-1,326.95056,83.40244,631.25836,557.37024,0.9992194,388.06302,289.6298,524.4907,285.1169,441.6994,360.93692,398.51923,442.7627,514.1257,441.4356
480,-1,326.3275,78.14087,636.4899,554.8332,0.99931955,392.6782,288.26993,524.3026,280.29456,441.68692,357.18054,408.53604,442.0195,516.01056,435.4297
481,-1,327.9226,78.10299,636.7731,555.82697,0.99947506,388.56097,286.2202,525.18744,278.95377,442.69302,355.6511,400.38733,436.17496,521.5108,432.17593
482,-1,327.27866,76.25332,638.1269,554.45526,0.9995214,388.1789,286.7201,526.9055,276.60892,445.56638,353.97827,402.02936,435.623,526.40436,428.9778
483,-1,326.00122,79.23891,636.38257,554.64484,0.99947566,386.31308,288.91898,525.8259,274.7364,446.24127,354.1631,402.58163,437.16803,528.29425,426.96
484,-1,324.3423,79.459076,632.5066,555.9963,0.99944943,385.43564,289.83545,525.7032,273.61423,448.52063,355.26456,403.09198,438.76938,529.6708,426.72437
485,-1,321.8172,80.80402,633.2813,558.46094,0.9995059,384.59204,292.95963,525.04395,275.48962,448.94376,356.8544,403.6159,440.19595,532.3184,426.63925
486,-1,316.36688,84.215546,627.02844,564.18365,0.999496,380.86603,297.75928,520.8707,278.88464,447.73553,363.21286,401.04337,443.86694,531.3435,429.03775
487,-1,312.3855,89.673065,624.1941,566.9451,0.99954057,376.0581,304.3758,516.0218,283.80048,442.24048,368.29623,397.74576,449.16022,528.2633,432.39325
488,-1,304.75818,93.25935,623.12744,571.6764,0.9995609,369.33112,303.98587,508.79352,291.45685,434.30374,375.79303,390.06717,450.99396,520.59076,440.70135
489,-1,299.99658,97.70743,618.12335,577.99915,0.99964845,363.1222,311.36777,502.4611,298.2357,426.2916,385.58746,381.86584,454.5968,515.26117,444.88855
490,-1,295.7368,99.00885,607.0138,582.5245,0.9995877,357.57248,312.83438,497.63538,299.71152,421.51654,389.1045,373.56454,457.10657,508.60913,448.0822
491,-1,291.10706,98.14592,604.2058,580.83215,0.99957675,351.55203,312.16672,490.44287,297.46445,410.70996,382.8644,368.52896,458.58484,498.3813,448.3758
492,-1,291.0474,93.9099,597.55975,576.6503,0.9994629,346.88953,306.38797,482.3289,293.19614,405.05618,375.67853,364.38745,451.2921,491.62274,442.70093
493,-1,276.5129,89.209656,591.2489,556.2225,0.99943835,347.53772,298.56686,480.2003,284.0755,402.60727,368.2851,370.683,448.35983,483.23273,436.44412
494,-1,287.11572,91.32773,595.69073,555.0342,0.9993437,342.48453,295.4768,479.27234,282.05988,394.92004,362.15057,358.69922,441.0837,481.1566,431.77155
495,-1,286.75668,88.53682,595.0228,553.60956,0.99938893,342.32123,292.55496,478.67398,278.73532,394.46622,359.40204,357.71304,438.04202,480.99805,428.23672
496,-1,285.94537,86.95845,594.10516,553.24335,0.99939585,342.0127,291.71222,478.20157,278.30396,393.6678,358.88364,357.10477,437.48032,480.0458,427.8797
497,-1,285.0183,86.42259,593.00964,553.2067,0.999393,341.42694,291.6175,476.9334,277.89508,392.46744,358.51862,356.55444,437.53717,479.13144,427.45813
498,-1,284.11755,85.859665,592.4295,552.589,0.9993326,341.00568,290.36566,475.4956,276.92822,390.5455,357.62335,355.32828,435.80603,478.15286,425.79822
499,-1,271.88196,79.08321,587.55786,548.2249,0.99933785,339.1687,290.0277,471.7948,273.8166,391.46646,352.75967,360.66003,433.69885,478.62845,419.8235
500,-1,272.82208,78.87192,587.45856,547.9928,0.99931633,339.22665,289.4151,471.6178,273.43982,390.89105,351.5488,360.54846,433.63998,477.4564,420.121
501,-1,272.14075,79.19647,586.9508,548.6471,0.9993414,338.43307,289.8847,470.7296,273.54803,389.9888,351.27386,359.77563,433.91205,476.9329,420.06348
