2160,3840
0,-1,2636.377,1110.4982,2871.9414,1454.743,0.99971443,2663.7937,1240.8817,2717.0273,1241.2802,2636.3335,1307.4227,2669.4495,1371.0206,2710.7957,1371.9667
0,-1,1950.7299,509.03348,2401.275,1275.2539,0.9989135,2238.7024,784.743,2345.452,809.10425,2360.0435,970.4694,2195.3086,1082.6398,2256.0654,1101.5916
0,-1,1611.0231,589.03156,1972.5083,1017.1174,0.93730676,1722.3982,721.79724,1810.19,705.9531,1766.4102,789.2644,1757.6971,876.2739,1824.551,863.999
1,-1,2648.1797,1105.2043,2895.851,1456.6691,0.99960476,2676.6372,1237.7284,2738.8784,1240.4633,2655.7493,1309.2908,2685.0623,1369.259,2732.8687,1372.61
1,-1,1899.7312,559.38104,2368.7212,1280.884,0.9994054,2201.9302,791.3478,2326.4487,846.98096,2331.8333,953.1608,2146.4097,1070.9613,2232.5906,1114.7449
1,-1,1554.4019,663.2177,1833.8892,963.5214,0.9553371,1640.1151,794.6705,1751.7751,774.0285,1708.8881,837.57355,1677.9104,895.95654,1760.2166,877.66205
1,-1,1488.2632,769.0745,1911.2302,1358.782,0.71279454,1711.6215,955.14246,1817.5018,953.76514,1824.4633,1053.1359,1743.6277,1172.7211,1825.4084,1173.7539
2,-1,2663.835,1101.309,2915.498,1457.865,0.99967563,2687.434,1232.0717,2759.3176,1237.2488,2671.546,1306.2075,2697.6606,1369.4178,2753.8584,1373.1989
2,-1,1834.5596,525.31805,2338.987,1245.9032,0.99967504,2097.165,749.40027,2292.523,754.0693,2275.6611,925.918,2101.261,1049.1693,2260.4277,1049.8033
2,-1,55.751366,1257.7656,319.83347,1896.252,0.976541,184.97609,1476.3055,263.88593,1493.3855,255.71313,1614.6816,137.38625,1719.9734,200.96791,1732.3307
3,-1,1739.4758,449.3327,2297.64,1179.3666,0.99988186,2010.4275,732.15326,2232.7698,751.15173,2178.8123,907.75214,1983.8217,990.16833,2182.474,1004.0196
3,-1,2687.961,1083.4806,2951.391,1448.1052,0.9997284,2709.75,1222.1995,2791.0154,1224.1373,2697.2632,1292.3787,2719.6025,1360.5397,2784.5015,1362.121
3,-1,156.82901,1273.7919,432.73795,1891.0725,0.9895195,282.34485,1486.5679,378.57364,1500.1781,363.6617,1621.5493,249.45615,1719.5948,325.28134,1730.0016
4,-1,1702.0151,448.8851,2280.261,1198.0668,0.99998236,1955.2455,737.162,2201.2766,733.124,2142.9153,909.42035,1958.0765,1011.97833,2171.1384,1007.5592
4,-1,2731.8218,1078.771,2990.6506,1442.486,0.9997147,2752.0505,1214.3506,2833.6296,1219.1063,2739.1416,1286.7488,2759.6572,1352.6211,2825.6062,1356.9166
4,-1,279.2818,1289.953,564.4901,1926.5933,0.9792254,384.3643,1490.8307,516.2434,1505.4436,483.94547,1625.3129,362.49927,1746.9165,463.97372,1756.4346
5,-1,1667.2483,439.6238,2259.6946,1182.0593,0.99999595,1905.6469,741.07776,2165.4895,723.1647,2096.5532,917.702,1926.6481,1015.0546,2143.9758,998.51086
5,-1,2760.2598,1077.8276,3021.816,1439.591,0.99968886,2783.2,1211.242,2865.6838,1217.0382,2770.765,1284.4899,2788.0938,1348.5104,2856.4558,1353.87
5,-1,379.6361,1297.1554,658.85767,1936.449,0.931142,512.3875,1514.9069,610.8702,1528.2417,600.03235,1646.8435,473.5132,1748.1805,555.7454,1759.59
6,-1,1641.5717,444.06598,2234.3152,1178.8013,0.99999475,1874.9106,747.64636,2137.187,729.7108,2063.1848,928.1639,1897.5127,1025.6018,2110.3445,1008.49426
6,-1,2780.5757,1074.3312,3037.8232,1437.8044,0.99967027,2802.3628,1210.6902,2880.9783,1215.2258,2785.1455,1282.4905,2807.0415,1348.9265,2873.5957,1352.6296
6,-1,505.7658,1494.7283,702.4314,1926.7631,0.82624793,645.7778,1644.0992,679.9385,1660.871,707.7062,1723.5072,605.66583,1787.478,646.1316,1802.2507
7,-1,1627.7194,463.26273,2217.2488,1187.3301,0.99999225,1860.6014,755.4519,2122.7217,739.3712,2047.2052,941.5801,1878.4141,1032.8895,2091.0476,1018.2651
7,-1,2791.3884,1072.0168,3050.2534,1437.912,0.9996451,2814.4543,1209.3326,2892.2317,1213.9481,2796.817,1281.7272,2818.1794,1347.356,2883.8796,1351.5696
8,-1,1648.7644,545.12164,2277.4768,1293.1692,0.9999919,1886.7462,769.0605,2154.4976,781.65,2055.4507,963.0752,1886.2877,1083.4812,2116.9812,1093.2279
8,-1,2799.9883,1069.0326,3058.235,1434.3035,0.99965274,2820.6335,1206.1685,2901.5808,1211.4098,2805.133,1278.6917,2827.1108,1343.4675,2891.8577,1348.5782
9,-1,1642.7028,547.11005,2282.0806,1289.6284,0.9999912,1883.2126,770.21014,2154.2388,787.69867,2048.4912,967.17303,1876.872,1079.162,2111.7798,1093.4373
9,-1,2806.5806,1068.2561,3068.407,1433.5765,0.99954,2827.966,1201.2113,2912.367,1208.847,2813.2039,1275.5679,2833.0093,1343.0999,2904.2305,1348.6093
10,-1,1647.4882,537.4363,2291.3813,1279.9579,0.999987,1884.3975,767.14325,2157.4731,782.9911,2047.213,968.85895,1879.2601,1075.4126,2113.257,1088.7063
10,-1,2813.738,1064.1656,3079.521,1428.3966,0.99959725,2835.6074,1198.2217,2922.801,1202.6263,2823.6904,1268.6329,2841.159,1339.3124,2912.7761,1342.6503
11,-1,1657.2756,526.92725,2292.571,1278.6798,0.9999896,1891.2234,758.37775,2159.1064,778.35535,2047.7312,962.0518,1883.2673,1069.092,2111.7354,1086.3662
11,-1,2829.5215,1058.6726,3092.3408,1424.7096,0.99962246,2851.1477,1194.3082,2940.9714,1201.1793,2842.4836,1264.9689,2855.526,1333.8632,2927.7258,1339.9395
12,-1,1622.3407,436.03247,2254.496,1152.3577,0.9999877,1875.8461,708.0827,2143.3608,737.1019,2035.5652,928.9658,1853.8926,974.1839,2083.698,998.84863
12,-1,2843.2449,1055.175,3111.1587,1422.2795,0.99966073,2863.6892,1193.8379,2953.5293,1198.8846,2852.0107,1263.1217,2868.6274,1332.8116,2942.1775,1336.7725
13,-1,1624.0924,426.20163,2275.275,1193.3494,0.9999869,1878.6078,705.8135,2152.919,732.21185,2042.9208,931.9913,1862.9586,1009.20825,2081.8853,1029.264
13,-1,2850.7446,1049.6766,3117.7158,1417.5839,0.9996493,2869.732,1190.1538,2960.2708,1194.7695,2861.0068,1260.114,2876.624,1328.0347,2951.9758,1331.7833
14,-1,1621.4589,419.87268,2278.8606,1194.4675,0.9999858,1872.4282,698.71765,2152.8442,722.65015,2040.0105,920.2239,1861.2264,1004.7031,2087.6946,1022.5417
14,-1,2855.4868,1045.9967,3122.2502,1415.98,0.9996076,2875.3904,1184.3208,2964.784,1193.2201,2865.3862,1261.4781,2882.7598,1324.8627,2956.106,1332.1462
15,-1,1619.0049,396.4722,2225.4287,1116.2338,0.99998796,1865.3806,677.35077,2128.7004,719.94415,2015.9363,904.80804,1827.4292,934.8851,2061.981,972.7937
15,-1,2861.935,1048.731,3126.1062,1416.9495,0.99965847,2882.6416,1186.5863,2971.7397,1195.8105,2872.9973,1262.6699,2890.605,1325.6401,2962.4543,1333.5411
16,-1,1609.6357,401.52756,2221.8772,1129.8777,0.9999858,1856.3469,682.1771,2121.224,728.0738,2005.949,909.2963,1817.525,942.86475,2052.8384,982.66345
16,-1,2867.5176,1059.0197,3133.9739,1425.6221,0.99963236,2888.112,1194.6149,2976.9285,1201.5477,2875.864,1270.4073,2894.3857,1337.6915,2966.4265,1342.9442
17,-1,1605.4326,424.4224,2245.812,1195.8005,0.99998593,1860.1067,708.89514,2133.685,728.2601,2032.2499,923.0152,1846.1298,1009.2719,2067.3662,1023.54565
17,-1,2874.2188,1072.9595,3137.1853,1434.662,0.9995819,2896.434,1201.0399,2981.6543,1210.6167,2882.96,1279.1964,2902.2915,1344.6742,2972.467,1351.893
18,-1,1598.9926,429.9385,2230.0369,1152.8031,0.9999876,1855.3757,705.61487,2124.7434,738.3498,2015.9598,930.9692,1826.1903,973.131,2059.8245,1002.4416
18,-1,2883.1912,1074.6346,3144.8552,1442.4734,0.99962366,2904.3357,1212.7709,2986.5046,1217.7694,2891.3667,1288.1387,2911.8596,1353.7445,2979.3713,1357.8948
19,-1,1611.6621,429.07138,2220.4734,1155.9524,0.99999106,1860.4978,711.8609,2125.1328,745.68555,2018.9808,932.01154,1829.9661,971.7259,2065.1514,1001.35345
19,-1,2892.3728,1085.7432,3152.3425,1447.8094,0.9996939,2913.0662,1219.8549,2996.6433,1227.8372,2900.4514,1293.4746,2918.3833,1357.9797,2985.328,1364.789
20,-1,1625.3231,424.99365,2228.9526,1155.7916,0.9999876,1867.7363,712.47766,2135.9578,750.652,2022.4287,938.5114,1833.2054,977.16077,2073.2668,1012.0005
20,-1,2904.6055,1093.8068,3166.9111,1456.5184,0.99965537,2925.792,1227.9238,3010.0913,1234.8318,2910.6946,1301.7817,2930.2148,1369.142,2999.1184,1374.496
21,-1,1634.5594,430.70886,2256.4985,1163.9056,0.99998665,1887.0703,719.02545,2153.3684,757.096,2045.1832,941.068,1855.8417,982.3524,2091.4644,1015.25867
21,-1,2921.846,1101.3679,3180.2722,1460.1168,0.99959475,2942.2554,1230.941,3024.0225,1240.0332,2927.9265,1308.1475,2947.2356,1372.7299,3014.3098,1380.0101
22,-1,1655.9867,446.57043,2271.695,1176.6093,0.99998844,1904.4767,737.2579,2174.0398,750.6819,2080.8213,953.8061,1892.9269,1014.9004,2115.3643,1025.9263
22,-1,2934.1877,1105.2892,3191.8245,1461.6221,0.99967897,2952.9634,1238.5775,3035.1956,1245.7424,2938.1812,1311.9229,2958.224,1376.4204,3025.9282,1381.8142
23,-1,1665.6287,452.06262,2289.331,1190.4501,0.9999888,1924.5483,737.8658,2187.7024,757.3014,2095.643,948.84186,1907.3331,1015.3371,2124.9846,1030.9889
23,-1,2941.1401,1107.9746,3201.7227,1459.7864,0.9996902,2960.498,1240.2472,3048.2454,1247.4906,2951.2563,1310.5793,2966.153,1376.1628,3037.959,1381.7765
24,-1,1670.1503,447.9093,2292.231,1188.9406,0.9999901,1932.4253,737.11383,2199.2876,758.9223,2109.014,949.82806,1910.2787,1012.411,2134.7412,1030.738
24,-1,2949.349,1102.3754,3211.3293,1461.3318,0.9996729,2970.5247,1236.9685,3059.906,1244.8918,2962.7168,1310.4567,2974.6416,1373.8497,3048.6387,1381.3035
25,-1,1693.9755,454.25705,2301.7773,1175.6467,0.9999877,1941.3691,728.6244,2204.3413,760.10583,2097.8716,948.60004,1907.4122,994.809,2136.683,1024.6833
25,-1,2954.8135,1105.4583,3218.4988,1464.8744,0.999724,2976.1372,1241.5887,3077.744,1247.8662,2979.0874,1312.9298,2980.9778,1378.8053,3061.2068,1385.4725
26,-1,1700.7731,460.40323,2320.6826,1189.2745,0.99999094,1954.4126,736.21655,2216.8381,771.8033,2110.2053,951.06006,1923.5293,1002.1001,2149.3508,1033.4155
26,-1,2961.191,1102.237,3225.089,1466.1521,0.99966276,2984.5996,1247.225,3093.475,1252.7515,2996.2004,1315.075,2990.7795,1382.8109,3074.002,1388.8164
27,-1,1712.0448,465.00897,2331.3281,1223.4437,0.9999931,1968.9503,750.6196,2235.9648,776.1479,2142.3462,964.26294,1949.1067,1036.9359,2170.22,1056.9493
27,-1,2970.8584,1106.67,3236.185,1471.7639,0.99974996,2997.0684,1249.1139,3109.603,1256.0118,3012.3872,1318.9996,2999.8096,1384.801,3088.2156,1391.9928
28,-1,1716.454,468.6873,2334.6523,1220.7141,0.99999154,1974.0221,755.3413,2239.1968,780.18524,2146.3179,970.40857,1950.8551,1038.4901,2173.025,1058.5902
28,-1,2976.8032,1111.8839,3241.4097,1474.3157,0.9997111,3004.9143,1252.3147,3119.9644,1257.9803,3024.6514,1322.404,3009.9539,1389.0299,3097.1118,1395.4302
29,-1,1719.0171,472.69666,2325.701,1199.6769,0.9999901,1970.9117,751.75494,2232.6318,784.80176,2130.7957,968.07324,1941.2734,1020.55133,2166.13,1050.3464
29,-1,2977.3708,1110.7863,3243.6968,1474.892,0.99970144,3010.0042,1254.0675,3125.391,1259.5587,3033.3533,1324.8026,3016.4998,1389.9814,3103.5027,1396.0365
30,-1,1715.7661,481.40933,2334.564,1217.2439,0.9999858,1974.397,764.6676,2242.0107,796.0629,2143.0654,990.579,1941.3137,1042.2874,2167.9255,1069.346
30,-1,2980.811,1112.3733,3245.9192,1475.419,0.99972016,3014.2214,1257.0153,3130.2712,1263.2034,3039.0107,1327.1006,3020.657,1391.685,3108.1348,1398.1665
31,-1,1721.9476,493.49734,2366.442,1258.425,0.9999894,1979.6531,769.48376,2251.659,795.7062,2146.3633,988.2066,1960.9662,1071.1416,2180.3538,1090.7957
31,-1,2978.9226,1115.4084,3244.7764,1478.7725,0.9996934,3014.5088,1262.6864,3130.231,1267.4307,3041.633,1331.9619,3022.0264,1397.1998,3108.9678,1402.2559
32,-1,1709.3795,495.13794,2331.479,1257.1744,0.99998903,1964.898,784.28503,2231.4065,801.22235,2138.5989,995.74524,1951.3927,1077.7351,2166.9849,1090.5375
32,-1,2963.286,1128.2883,3229.2864,1492.4838,0.9996915,3000.6768,1273.0387,3118.0498,1279.1627,3028.0024,1343.1018,3006.6025,1409.1564,3095.3667,1414.8643
33,-1,1689.1821,494.8096,2294.4294,1225.5344,0.99999154,1940.8401,779.5534,2203.475,806.157,2107.4568,994.3623,1916.3505,1055.5073,2134.9768,1078.4025
33,-1,2943.305,1131.722,3210.9521,1491.0214,0.99968016,2982.6938,1272.3698,3100.7153,1278.1251,3013.463,1345.5754,2991.288,1410.2867,3080.4167,1415.6271
34,-1,1677.8081,484.55978,2285.7092,1214.5475,0.9999913,1924.3906,777.0888,2187.9294,808.6903,2082.5217,994.2514,1895.6459,1039.4031,2123.0295,1067.1837
34,-1,2930.14,1129.8368,3196.722,1491.1912,0.9996959,2969.4277,1275.3165,3086.8918,1279.4834,2999.6104,1343.8589,2977.731,1410.1627,3066.4634,1414.1761
35,-1,1656.2285,492.64438,2271.7507,1223.0592,0.9999858,1908.4507,778.6769,2177.2942,806.12134,2074.2424,1004.1083,1883.2903,1057.1531,2106.1619,1081.6776
35,-1,2926.6086,1128.698,3191.358,1488.3082,0.9997111,2964.359,1274.0234,3081.598,1278.3524,2993.7964,1343.607,2972.4143,1408.7922,3060.6262,1412.9923
36,-1,1645.3807,487.90146,2261.384,1219.1499,0.9999895,1906.4167,776.9351,2173.8713,804.85297,2077.88,1003.8313,1877.1274,1053.9807,2100.7166,1079.1996
36,-1,2930.4558,1126.0133,3192.7603,1483.6665,0.9997174,2966.2935,1271.2986,3081.3455,1274.1884,2995.199,1338.8651,2974.974,1403.2979,3062.3953,1406.3721
37,-1,1649.7031,486.5442,2253.7178,1214.7832,0.9999901,1905.3568,770.9577,2165.5718,808.9515,2064.795,994.972,1867.4233,1029.838,2099.977,1064.5946
37,-1,2930.1543,1125.0509,3191.9602,1483.1478,0.9997273,2965.98,1269.6368,3080.9524,1272.5388,2995.201,1337.5576,2974.3674,1401.4664,3062.1982,1404.619
38,-1,1650.8801,486.103,2253.6628,1205.5345,0.9999901,1892.9631,779.8491,2154.837,810.8416,2051.3389,1001.5265,1866.4446,1036.2777,2097.2537,1064.0309
38,-1,2922.9949,1129.6333,3181.7979,1486.4049,0.999752,2959.787,1270.7765,3074.4639,1275.545,2988.6367,1342.0532,2967.119,1404.9138,3054.8933,1409.6783
39,-1,1615.0417,496.27405,2233.0974,1228.8461,0.99998856,1870.674,787.1591,2135.1936,810.98944,2036.6829,1013.6063,1845.6978,1057.6704,2071.5989,1080.426
39,-1,2913.8337,1132.7714,3172.1929,1482.2322,0.9997272,2948.7246,1269.4858,3061.8865,1272.4486,2977.4446,1339.8549,2957.9602,1403.5033,3044.5796,1406.7523
40,-1,1600.6011,505.44232,2222.7012,1231.1177,0.9999887,1855.999,793.0555,2120.6372,818.02954,2021.4814,1021.7527,1832.438,1062.5641,2056.0496,1086.0114
40,-1,2904.1245,1127.2373,3162.668,1482.4285,0.9997378,2938.0835,1271.6554,3050.0815,1273.7844,2964.5652,1337.1687,2946.0027,1402.3595,3031.7646,1404.8522
41,-1,1585.7295,505.48883,2200.0542,1222.7539,0.99998844,1848.9991,790.0576,2106.9705,821.029,2009.7008,1020.8485,1810.3168,1053.0881,2033.6036,1083.0188
41,-1,2898.3196,1123.9048,3157.4744,1479.6932,0.9997625,2932.349,1269.3022,3044.5554,1271.2257,2959.7078,1334.4988,2940.6086,1398.6973,3026.858,1401.1107
42,-1,1581.8528,509.59546,2198.4922,1234.5631,0.99998665,1846.7745,793.7606,2103.556,829.57715,2003.6593,1025.0621,1802.4675,1054.7175,2029.7905,1088.9895
42,-1,2898.7517,1120.1769,3154.5137,1473.897,0.99978334,2929.088,1265.7328,3040.0283,1266.2108,2955.3223,1330.9004,2938.8306,1394.0972,3024.4412,1395.4851
42,-1,2097.9285,1244.5088,2416.2505,1731.8867,0.81469214,2175.475,1429.1466,2310.5,1440.042,2226.6523,1523.8593,2197.1858,1629.3663,2261.9424,1638.2548
43,-1,1575.669,515.21906,2195.1155,1239.6343,0.9999863,1842.0597,797.5024,2101.4207,833.46075,2003.098,1030.111,1797.8126,1060.0332,2029.2052,1093.7319
43,-1,2896.396,1119.796,3154.6462,1474.0406,0.99979347,2925.0112,1268.2739,3036.1777,1267.3752,2950.729,1330.7207,2936.2559,1394.9668,3022.6475,1395.1812
43,-1,2143.1606,1249.599,2439.0842,1609.498,0.9987067,2213.5388,1412.2125,2353.4695,1417.0792,2273.791,1475.5381,2231.1338,1547.394,2314.2866,1550.5801
44,-1,1579.8077,517.2369,2196.7183,1242.1887,0.99998355,1838.6459,802.22644,2100.759,835.2019,1999.5803,1035.1217,1799.7955,1061.9484,2037.9485,1093.6228
44,-1,2892.6396,1123.2786,3153.112,1473.6113,0.9997682,2921.1038,1271.2769,3028.2683,1270.3042,2944.1174,1330.9224,2933.3833,1395.6917,3017.2305,1395.6066
44,-1,2136.9048,1234.2245,2471.855,1646.011,0.99819934,2230.3694,1405.1494,2381.366,1411.9114,2305.3596,1470.6763,2251.5913,1558.8456,2350.5889,1562.4
45,-1,1579.8008,523.8681,2213.2437,1252.3689,0.99998236,1839.6945,813.064,2111.241,840.9095,2003.1926,1045.5326,1803.398,1081.3665,2040.5012,1108.3087
45,-1,2889.604,1127.8159,3149.4883,1473.0781,0.9997681,2914.9492,1271.9563,3019.5986,1271.1017,2935.254,1333.3971,2928.5923,1396.5616,3009.9648,1396.4823
45,-1,2153.0237,1222.7279,2503.9692,1658.743,0.9991424,2254.8752,1407.9197,2421.9434,1414.3695,2342.1382,1478.0149,2276.6785,1574.2649,2385.8574,1577.6351
46,-1,1582.6702,524.15344,2212.5037,1264.9307,0.9999788,1852.3232,808.91583,2112.862,846.7441,2009.2722,1045.6716,1807.8,1086.817,2032.5437,1122.0282
46,-1,2886.8525,1132.7759,3144.7656,1475.2369,0.9997806,2908.956,1273.148,3009.599,1271.501,2924.367,1334.5176,2921.563,1398.1996,3001.2004,1397.5573
46,-1,2193.902,1228.62,2539.567,1674.6827,0.99974483,2303.1233,1405.9285,2466.588,1418.5106,2390.7808,1481.9515,2314.7656,1576.1465,2432.3774,1585.8472
47,-1,1597.5089,544.7152,2238.2593,1272.5039,0.9999763,1863.3221,824.6551,2126.4207,856.9892,2019.3423,1054.496,1826.943,1097.9325,2048.8792,1127.6461
47,-1,2882.6975,1140.2407,3136.0796,1475.3993,0.99979776,2900.7524,1270.1891,2997.695,1267.9244,2909.6187,1332.9392,2913.7798,1398.9135,2992.2336,1397.4016
47,-1,2231.425,1221.4756,2593.8364,1677.08,0.9996586,2333.9395,1404.7042,2511.2307,1419.2499,2422.5889,1499.3662,2349.348,1585.0083,2471.82,1595.651
48,-1,1620.2173,524.47473,2241.1875,1262.4307,0.99997616,1872.1573,817.87195,2137.0642,838.7337,2037.4031,1042.9119,1856.5564,1095.722,2076.0083,1115.4878
48,-1,2876.7505,1137.9257,3129.3162,1471.5243,0.99979275,2895.6113,1263.4601,2986.1729,1264.3806,2896.6372,1328.6519,2905.9568,1392.2792,2981.1782,1393.2632
48,-1,2245.3997,1211.4148,2643.1812,1745.8971,0.99904186,2389.5183,1403.0509,2568.037,1428.3783,2481.0786,1541.4767,2381.6057,1619.4729,2508.0352,1639.4822
49,-1,1637.7971,516.6111,2263.3618,1266.0431,0.9999821,1889.5227,818.93,2151.969,828.79816,2055.6218,1035.4968,1874.0844,1097.1167,2093.6296,1106.6638
49,-1,2348.3657,1224.8383,2707.971,1728.4121,0.99983656,2440.8442,1421.3855,2629.5317,1411.752,2552.9004,1538.963,2483.1863,1614.4948,2627.2122,1603.4486
49,-1,2868.6863,1127.5234,3120.1846,1467.3408,0.9997696,2888.744,1257.986,2974.268,1259.5973,2884.758,1323.1624,2897.7507,1387.4996,2966.2498,1389.5391
50,-1,1709.187,590.4435,2297.463,1363.5315,0.99995565,1942.3485,821.812,2197.5667,852.3496,2099.8452,1017.1568,1927.0663,1147.4438,2140.8562,1172.4813
50,-1,2414.592,1214.09,2769.1814,1744.0168,0.99981886,2512.0522,1410.8594,2687.9436,1404.4111,2614.1182,1513.0709,2544.043,1611.3191,2672.4966,1603.9636
50,-1,2864.5808,1129.7643,3115.497,1468.834,0.9998018,2885.7327,1256.2181,2964.971,1258.0342,2877.3853,1322.8993,2894.7317,1385.8076,2957.6917,1387.769
50,-1,1595.0963,398.61853,2177.5332,1106.3734,0.95607173,1812.7119,781.3933,2024.3763,786.1451,1939.7596,937.8206,1812.3469,977.179,1988.568,979.35803
51,-1,1669.1362,530.821,2304.1824,1289.226,0.99992144,1924.6213,799.4212,2206.821,806.46436,2115.9607,1016.71124,1920.5859,1119.4326,2147.061,1122.0846
51,-1,2473.8594,1199.334,2850.458,1735.5839,0.9998406,2585.8015,1411.5264,2761.6414,1404.1492,2690.9712,1517.5312,2614.9587,1605.7491,2754.478,1598.9243
51,-1,2874.123,1134.6187,3108.0095,1454.5104,0.9996753,2905.0776,1248.9647,2961.5566,1256.0005,2888.465,1315.826,2914.7456,1371.3246,2954.372,1377.4498
52,-1,1724.6389,584.3488,2319.8835,1366.0114,0.9999355,1965.9459,813.3082,2219.5557,845.7121,2121.3862,1017.43744,1947.147,1144.5348,2159.749,1171.6125
52,-1,2543.6719,1189.7482,2911.8718,1734.522,0.99982965,2655.1511,1402.869,2830.3455,1397.442,2760.303,1511.1586,2679.9429,1599.6997,2822.8584,1593.9468
52,-1,2855.1802,1138.4597,3092.09,1458.5188,0.9956863,2892.175,1256.6761,2962.1514,1261.7004,2897.3516,1311.3884,2901.7383,1379.6052,2950.5117,1384.0056
52,-1,2723.1038,1150.6266,3044.9758,1612.5869,0.7497224,2761.5747,1311.2786,2895.1958,1339.7883,2790.8757,1400.7982,2772.6316,1489.0986,2871.1577,1512.9756
53,-1,1675.3063,497.04285,2317.3982,1268.3832,0.9999697,1922.1398,799.0872,2206.673,807.6818,2100.0952,1026.6461,1915.3555,1098.5845,2152.0295,1106.2683
53,-1,2614.7021,1197.1511,2971.886,1726.2484,0.99984205,2714.815,1390.204,2892.8025,1389.6306,2812.0112,1509.5951,2733.4175,1595.4523,2872.5989,1592.3802
54,-1,1684.6775,510.47287,2320.67,1303.0009,0.99996686,1934.3715,807.21027,2214.3416,824.8047,2110.6062,1024.2721,1926.9768,1121.1045,2154.2246,1135.3834
54,-1,2672.7288,1200.6787,3030.1907,1729.0621,0.9998498,2772.9207,1392.908,2952.1575,1395.3303,2869.549,1514.458,2788.7156,1598.6732,2928.0977,1597.9843
55,-1,1684.7755,514.74036,2326.8677,1294.4363,0.9999559,1931.667,813.6617,2213.4294,831.3681,2101.731,1046.9448,1919.6418,1118.7378,2153.3977,1135.0125
55,-1,2727.8916,1203.3882,3082.6665,1736.9596,0.99984944,2829.845,1395.6863,3006.946,1398.9688,2926.466,1518.9808,2841.3489,1600.6664,2981.293,1600.8815
56,-1,1693.8062,542.0925,2359.6926,1327.4406,0.999948,1943.3315,835.154,2228.9172,847.1685,2112.5083,1053.2272,1938.3296,1149.485,2168.9202,1158.867
56,-1,2776.9163,1213.302,3136.3796,1743.5592,0.99982446,2870.778,1401.6589,3054.378,1404.8434,2964.6758,1522.318,2884.247,1610.4106,3027.9556,1610.661
57,-1,1707.6359,546.2325,2358.3694,1332.3646,0.99993396,1952.3344,836.0212,2231.702,852.5146,2119.6575,1049.4031,1945.2916,1145.0682,2173.4177,1158.4092
57,-1,2820.691,1214.2682,3175.7495,1748.0175,0.9998549,2920.9478,1408.8822,3096.54,1415.7223,3011.8005,1526.1948,2926.8054,1609.9835,3066.6338,1614.2776
58,-1,1698.2711,501.04108,2352.5422,1276.1505,0.99995995,1955.6938,811.97797,2229.9302,822.71,2123.1555,1039.7546,1942.7394,1109.9865,2169.746,1119.1879
58,-1,2858.112,1217.6879,3220.296,1752.0721,0.99989104,2958.5469,1412.0851,3134.1558,1417.6226,3046.4272,1529.9292,2964.7383,1613.1078,3105.5212,1616.4692
59,-1,1698.6798,482.32687,2349.412,1246.8497,0.99994326,1949.4475,796.64307,2227.0244,802.1926,2117.732,1038.4088,1943.0944,1092.3623,2178.4482,1096.8248
59,-1,2896.64,1214.5555,3258.528,1743.386,0.9998969,2990.6196,1414.0203,3167.0195,1419.5708,3074.7747,1534.1135,2999.0813,1614.8021,3138.5469,1617.3108
60,-1,1739.5328,590.9148,2330.3938,1364.2789,0.9999261,2015.2098,815.47345,2245.1118,862.5663,2169.1973,1023.2303,1965.7029,1141.511,2161.6138,1180.5342
60,-1,2927.8535,1213.9236,3295.4595,1751.1353,0.9999094,3022.3635,1416.7482,3198.8896,1422.7849,3104.1328,1536.368,3029.6558,1617.6462,3171.1755,1620.8253
61,-1,1742.6731,596.1866,2328.8826,1366.479,0.99993944,2017.0312,817.52997,2244.8994,866.5919,2168.5432,1025.072,1965.4902,1146.5955,2157.4148,1187.169
61,-1,2955.6497,1216.441,3331.7998,1759.5309,0.9999151,3050.9978,1418.9636,3229.1929,1425.7554,3131.1492,1539.1304,3059.0796,1622.4824,3199.9568,1626.3855
62,-1,1741.4022,597.5667,2337.114,1371.9492,0.999946,2012.7711,817.41437,2248.783,867.70624,2165.934,1026.5663,1967.257,1153.8776,2160.1216,1195.6361
62,-1,2983.094,1230.6671,3365.972,1743.0956,0.9998758,3075.5525,1423.9976,3257.4316,1427.9597,3156.9304,1537.9712,3096.0881,1629.1942,3220.2358,1630.8735
63,-1,1745.8973,630.80237,2333.075,1390.8503,0.99993265,2022.763,835.4764,2252.1946,893.5075,2170.8586,1038.5116,1963.1938,1144.353,2167.8914,1192.9392
63,-1,3001.662,1229.696,3393.7878,1727.8909,0.99974865,3088.7007,1424.6539,3281.9,1439.136,3172.146,1559.0773,3117.1086,1624.6584,3249.6072,1636.0964
63,-1,2799.0596,1102.1747,3001.2764,1450.2343,0.9990989,2827.2864,1253.3462,2880.7966,1262.74,2818.264,1318.4021,2839.3416,1370.145,2873.992,1378.1796
64,-1,1735.2354,622.03644,2340.76,1391.998,0.99990904,2017.584,841.853,2247.2844,883.2761,2171.9043,1044.5889,1971.2266,1157.4686,2173.3281,1192.3029
64,-1,3023.6719,1224.9357,3404.3022,1769.3938,0.9998878,3116.7302,1424.99,3298.2053,1428.748,3197.829,1548.1814,3133.214,1638.6573,3266.235,1640.2391
64,-1,2791.523,1101.388,3010.395,1469.7651,0.9993062,2823.1462,1253.1919,2878.601,1269.9471,2794.5398,1316.6388,2817.447,1376.2587,2854.0527,1389.0195
65,-1,1738.9409,628.25305,2336.6558,1389.0508,0.9999238,2021.5739,844.0911,2249.204,891.218,2174.683,1053.73,1966.1666,1161.396,2164.6843,1200.8992
65,-1,3038.0642,1232.7666,3409.4812,1773.2144,0.9998996,3130.0142,1426.0438,3311.3276,1435.0983,3211.6584,1549.185,3137.042,1633.5387,3276.3494,1639.6384
65,-1,2783.8933,1110.9103,2999.4285,1464.0964,0.9995043,2827.167,1252.2367,2872.9768,1270.6747,2800.723,1316.7894,2821.9158,1368.8822,2856.5623,1383.5378
66,-1,1738.3566,634.7413,2330.068,1388.9034,0.9999244,2019.494,856.9103,2245.003,895.72095,2178.9365,1055.8066,1981.0576,1173.907,2169.1777,1207.454
66,-1,3038.384,1232.4963,3410.3394,1772.9115,0.99990666,3129.926,1427.7479,3310.525,1438.9149,3209.6467,1552.1707,3134.0283,1631.12,3275.6592,1639.3093
66,-1,2764.1365,1107.6201,2984.8716,1472.4158,0.9993998,2808.6895,1258.2307,2850.0256,1270.4945,2777.7322,1315.5673,2798.8225,1375.639,2834.2983,1385.3197
67,-1,1713.2931,643.69464,2313.4663,1392.4646,0.9998945,2019.709,857.7088,2239.2314,914.82623,2177.8765,1065.2157,1950.4259,1168.6156,2137.996,1214.5782
67,-1,3035.3037,1233.8383,3404.3196,1767.9371,0.9998909,3127.0037,1426.6859,3306.501,1439.1384,3205.3208,1547.9741,3128.3076,1625.9381,3270.4397,1635.4492
67,-1,2750.041,1113.34,2978.3967,1470.6942,0.9994679,2789.8633,1255.1935,2818.8293,1261.8895,2750.024,1319.8593,2791.2495,1375.9609,2814.7048,1381.4261
68,-1,1736.6467,631.28186,2332.4407,1403.1093,0.9999174,2009.1676,851.50867,2246.9714,892.70575,2172.4946,1059.4908,1966.1833,1185.2083,2164.9104,1219.5961
68,-1,3034.6072,1232.4362,3404.4705,1761.1265,0.99989307,3124.8152,1421.3754,3304.9153,1434.2219,3201.9482,1542.4855,3125.7388,1619.7279,3270.2595,1629.4703
68,-1,2745.1104,1106.239,2965.1262,1470.9226,0.9993781,2783.0718,1249.8158,2810.5205,1252.9576,2741.413,1313.8558,2782.7825,1377.6332,2798.9097,1380.4602
69,-1,3031.5254,1219.3147,3409.8438,1755.7257,0.9999132,3121.474,1417.0208,3303.0083,1430.0024,3196.4944,1542.0707,3121.6924,1618.5883,3269.282,1628.1792
69,-1,1734.013,642.5584,2341.5015,1408.8643,0.9998945,2023.8691,852.1001,2260.9412,904.964,2188.2979,1073.029,1968.993,1190.4835,2165.177,1234.9984
69,-1,2738.3518,1112.0778,2956.295,1471.2594,0.99937135,2780.2454,1252.2584,2803.6472,1254.7008,2734.474,1315.5315,2778.4617,1379.5004,2792.8638,1381.0087
70,-1,3021.7244,1215.0804,3402.9812,1752.7511,0.9999279,3114.783,1419.7201,3292.2334,1434.9436,3185.3486,1541.7854,3111.5518,1613.1116,3257.2312,1625.3129
70,-1,1737.0126,647.97675,2338.9172,1430.2047,0.9999174,2028.9541,873.3902,2252.2302,920.0615,2183.2012,1076.3711,1970.4758,1190.283,2166.9424,1229.321
70,-1,2729.474,1108.1235,2953.458,1469.8138,0.9994247,2773.38,1248.8035,2795.189,1254.7802,2724.59,1315.8501,2768.9644,1378.243,2783.9956,1381.6882
71,-1,1737.9617,663.02905,2341.5947,1432.4309,0.9999018,2032.5758,872.42584,2255.46,925.60364,2184.7163,1071.2325,1969.6648,1186.5981,2166.418,1230.748
71,-1,3006.147,1224.2212,3365.7878,1758.8934,0.9998766,3102.8528,1421.3501,3271.8303,1437.3871,3175.263,1539.189,3094.7961,1610.1862,3236.9631,1623.8943
71,-1,2719.4187,1103.4299,2951.411,1466.2339,0.9993801,2759.2078,1245.9575,2792.5732,1252.536,2719.4204,1316.3242,2761.0085,1374.2144,2782.7656,1379.5953
72,-1,2974.7039,1219.9489,3357.157,1752.9282,0.9999337,3074.933,1424.7915,3246.1274,1439.8623,3147.3958,1535.9971,3075.692,1606.3297,3222.7275,1620.5719
72,-1,1727.9762,543.502,2323.4397,1300.4927,0.9998764,1983.6724,840.003,2234.7275,851.67816,2154.9963,1048.8247,1964.5289,1109.4543,2194.9775,1118.1593
72,-1,2706.817,1125.3826,2927.1982,1468.766,0.9991122,2735.7605,1253.463,2784.0083,1261.0406,2707.8435,1322.3282,2739.8906,1377.8118,2776.4424,1383.6132
73,-1,2912.7834,1216.2441,3288.9922,1759.6805,0.99994266,3011.1853,1417.3771,3186.8555,1432.7815,3087.9966,1540.368,3007.0457,1609.5239,3151.9612,1622.1572
73,-1,1701.763,677.23785,2284.42,1417.6968,0.999782,1963.5276,899.56836,2202.3713,930.4752,2139.9402,1071.2852,1950.7784,1200.9647,2152.9885,1225.8107
73,-1,2660.0322,1115.4031,2878.3872,1477.9105,0.9988662,2694.2256,1257.13,2743.8958,1265.3748,2674.7913,1326.1217,2696.6091,1381.4515,2736.669,1388.5121
74,-1,2855.7607,1206.167,3245.4321,1758.7825,0.9999424,2953.1304,1410.7612,3134.167,1426.4938,3028.139,1540.5093,2954.6099,1611.3958,3098.1587,1624.2344
74,-1,1650.5669,657.35443,2240.73,1466.4583,0.99970466,1923.2179,902.8047,2153.352,940.3103,2093.967,1075.0481,1900.6741,1206.7754,2107.2197,1236.2266
74,-1,2627.1335,1101.1741,2834.8196,1491.3016,0.9986034,2662.8677,1254.954,2708.9556,1271.7028,2634.6099,1332.8069,2664.37,1386.5792,2702.0134,1399.4651
75,-1,1618.7942,676.0126,2233.0056,1477.6156,0.9999162,1919.0049,890.0041,2143.8113,939.10693,2073.9001,1078.7642,1852.9291,1210.325,2059.3591,1251.1392
75,-1,2830.5732,1208.4386,3216.9014,1755.7124,0.9999058,2923.16,1406.2238,3106.1328,1420.2937,2998.4058,1536.8898,2927.9734,1612.9744,3068.9397,1623.957
75,-1,2615.2856,1110.5571,2819.809,1492.2751,0.9988661,2648.1355,1263.5374,2689.1968,1270.6919,2611.893,1336.0321,2651.1846,1398.2194,2687.4507,1402.4227
76,-1,2808.9016,1198.1923,3201.103,1752.5422,0.99993587,2904.6628,1401.6863,3089.9546,1418.9503,2982.34,1538.7417,2911.4004,1609.4192,3056.3335,1625.0221
76,-1,1613.6403,673.5989,2223.848,1480.8423,0.9999013,1922.2451,887.7035,2142.4827,937.79846,2076.2725,1079.6809,1848.1024,1208.8618,2050.9194,1251.2555
76,-1,2611.0012,1100.4822,2814.0845,1496.3689,0.9985191,2644.9412,1262.181,2689.6653,1267.5886,2612.8713,1334.869,2644.8076,1402.7361,2678.7698,1406.1675
77,-1,2791.4302,1197.6957,3180.0972,1753.5905,0.99993634,2885.9866,1401.4565,3071.2952,1421.1875,2962.0732,1539.2264,2890.433,1610.9208,3035.006,1628.3867
77,-1,1603.1704,671.93994,2213.2908,1478.5884,0.999877,1912.7979,894.9255,2128.2925,939.2192,2068.965,1086.2548,1845.0876,1215.0354,2043.9022,1252.395
77,-1,2605.0122,1106.7135,2810.918,1488.4233,0.9907788,2647.5261,1267.9207,2685.6912,1275.3729,2617.2397,1337.1536,2638.8398,1402.616,2662.8335,1407.4081
78,-1,2781.5667,1202.8058,3180.049,1772.0488,0.9999484,2878.376,1409.9829,3065.3154,1426.3221,2955.971,1546.2905,2884.043,1622.2856,3031.5117,1636.9263
78,-1,1651.2821,584.9352,2231.554,1317.356,0.9998728,1916.6764,859.5055,2157.2854,869.93555,2088.8843,1062.4813,1893.1039,1126.4243,2114.6946,1134.9581
79,-1,2780.9077,1208.4741,3182.7534,1776.9927,0.99994373,2880.2642,1412.0834,3067.0417,1429.6895,2956.9282,1546.2823,2883.9353,1625.8318,3029.6045,1641.3312
79,-1,1679.3787,590.9857,2291.722,1328.6042,0.99949276,1935.8564,868.70166,2189.738,879.34143,2102.8677,1072.3827,1914.1868,1128.4048,2155.6438,1138.6522
80,-1,2771.1262,1206.271,3173.6418,1771.7971,0.9999355,2869.014,1410.4314,3053.4702,1428.7251,2942.6025,1544.7781,2874.1826,1624.674,3013.7383,1640.5261
80,-1,1671.178,583.82336,2280.6602,1310.974,0.9998636,1943.2905,855.6309,2184.0398,875.8835,2101.8418,1081.8955,1902.4778,1118.0017,2135.2139,1137.5312
81,-1,2750.3813,1198.5807,3147.7944,1779.1595,0.99993336,2847.7512,1409.0215,3035.024,1428.1857,2919.3645,1541.4507,2847.997,1626.5933,2989.3699,1643.3948
81,-1,1669.4282,580.2867,2265.7686,1302.7635,0.9998894,1959.4185,846.6536,2183.6587,868.4672,2125.7104,1073.1637,1919.1467,1113.8861,2126.3254,1133.3645
82,-1,2734.9504,1213.0652,3133.209,1776.9553,0.9999399,2834.5166,1415.6786,3017.069,1431.817,2903.3804,1550.1411,2835.468,1632.3099,2970.0215,1646.9844
82,-1,1644.9296,594.70435,2258.6035,1315.5895,0.9999317,1943.8252,842.9054,2167.3914,876.6045,2104.0173,1073.0349,1899.0824,1121.7211,2093.2295,1150.7413
83,-1,2717.1028,1225.2739,3110.8186,1783.9692,0.99992645,2811.1558,1419.8274,2995.733,1435.9979,2880.141,1554.0505,2812.5005,1637.3507,2950.1353,1652.267
83,-1,1659.7239,574.0701,2280.8445,1318.7191,0.9998957,1955.1947,850.17773,2202.7104,873.8954,2129.2583,1090.9084,1911.0217,1144.7448,2119.7273,1162.7859
84,-1,1663.5514,566.0674,2273.153,1308.3224,0.99994516,1958.5707,854.4135,2201.5208,878.0989,2133.564,1091.8622,1920.3932,1146.8596,2120.284,1164.3208
84,-1,2691.6558,1223.7864,3088.512,1786.7202,0.9999285,2785.6328,1422.7693,2970.3389,1440.7017,2854.7283,1559.7485,2788.301,1639.1327,2928.562,1655.5288
85,-1,1666.6798,570.6571,2266.4211,1307.9178,0.99995065,1960.3248,854.14734,2197.067,874.18945,2136.2043,1087.6266,1926.0754,1147.7952,2119.1455,1162.1997
85,-1,2675.2417,1228.5201,3069.2693,1790.0344,0.9999262,2771.0583,1428.4131,2949.7769,1446.3364,2835.8955,1563.0385,2770.468,1642.4207,2905.8628,1658.8303
86,-1,1662.7817,567.1323,2279.257,1293.6798,0.9999374,1950.9297,838.6042,2188.962,851.87744,2125.0657,1067.4482,1928.6418,1124.5372,2132.031,1136.3319
86,-1,2657.4377,1230.3972,3050.3235,1791.8345,0.99991333,2749.2856,1428.1843,2931.5286,1447.014,2815.453,1565.6285,2750.5642,1644.8365,2888.5088,1662.0536
87,-1,1665.4316,563.2285,2269.791,1291.59,0.9999291,1955.1947,833.472,2186.882,844.86536,2128.825,1054.2257,1930.5693,1119.8445,2125.8647,1129.9547
87,-1,2638.3289,1232.962,3025.6,1787.9812,0.99992216,2732.6992,1438.5748,2911.1973,1458.0565,2795.8672,1562.8679,2731.6572,1648.1177,2860.6396,1665.9207
88,-1,2624.0815,1230.904,3014.9326,1789.5317,0.9999279,2711.8145,1443.2361,2893.5151,1461.9531,2783.0764,1570.1769,2722.2817,1651.4467,2858.917,1668.2175
88,-1,1626.5386,657.0468,2246.8623,1473.1749,0.9998317,1963.0165,890.90393,2149.7798,936.4228,2118.3591,1093.3822,1905.5585,1236.6208,2051.9246,1269.9597
89,-1,2615.3723,1239.2661,3000.7456,1792.6243,0.99991965,2705.0764,1439.291,2885.354,1454.6877,2774.1543,1571.4618,2710.1194,1650.9587,2841.0586,1663.75
89,-1,1674.8777,572.7394,2282.161,1326.681,0.9998084,1967.642,849.7893,2208.5532,875.9286,2137.5774,1081.266,1930.5532,1147.1462,2130.3716,1165.1802
90,-1,2609.5369,1234.7146,3002.1094,1790.3307,0.9999305,2697.3015,1438.414,2881.276,1458.6476,2765.6404,1575.656,2705.1133,1650.7722,2841.7004,1668.8627
90,-1,1693.607,577.5625,2312.5232,1312.3217,0.99989235,1970.0491,849.1678,2225.4312,861.0808,2148.8787,1067.3954,1949.9844,1126.5522,2179.2017,1136.7229
91,-1,2606.6418,1238.8232,3001.0454,1789.4751,0.99993145,2695.1128,1438.5813,2879.2678,1459.4435,2763.5276,1577.9545,2702.348,1650.3958,2839.061,1668.9908
91,-1,1681.7043,574.8847,2313.5828,1317.9984,0.9998282,1976.3235,851.83356,2224.655,859.0894,2163.526,1067.2638,1959.0944,1129.051,2183.4656,1135.3987
92,-1,2607.961,1240.3654,3003.2458,1794.5554,0.99993384,2697.0884,1440.3657,2879.9922,1461.92,2763.4192,1577.5327,2701.5464,1651.2545,2838.3477,1670.5618
92,-1,1683.6139,691.70264,2273.875,1456.2275,0.9997744,1997.8188,905.3158,2211.4685,963.5233,2151.297,1131.3969,1924.9849,1227.1981,2104.1108,1272.9968
93,-1,2609.9893,1233.6996,3007.5735,1793.4894,0.99994314,2698.984,1439.4949,2882.3035,1461.7306,2763.767,1575.1506,2703.0254,1650.4727,2839.1655,1670.4913
93,-1,1720.3665,607.49817,2319.195,1345.7311,0.9997502,1987.3718,879.6656,2231.0388,900.49243,2151.0078,1104.2229,1956.4712,1160.9852,2171.1152,1179.7887
93,-1,1628.4294,837.48535,2156.5127,1513.5715,0.77038646,1915.2347,1050.8597,2105.9775,1072.1163,2072.8948,1197.4956,1878.3319,1292.0496,2060.3005,1309.775
94,-1,2609.9377,1239.7554,3011.1997,1796.7834,0.9999436,2699.6003,1441.568,2883.0615,1463.8542,2763.827,1575.2273,2703.9658,1651.9106,2840.1768,1672.1427
94,-1,1706.471,605.7113,2311.6865,1343.5245,0.9998648,2003.7428,891.52045,2236.4268,920.3351,2170.47,1122.8956,1954.2467,1168.094,2152.2493,1191.3033
95,-1,2619.5637,1252.145,3016.5234,1798.9714,0.99995005,2708.4097,1446.696,2886.706,1464.0765,2764.7427,1576.2092,2707.2153,1656.5088,2841.2163,1672.4467
95,-1,1707.0087,628.9269,2316.928,1372.6737,0.9998666,1998.9338,899.8589,2232.8987,926.6287,2163.269,1128.0256,1955.5094,1179.8965,2162.7205,1203.537
96,-1,2619.7095,1255.4808,3017.7407,1807.805,0.99995506,2703.5334,1447.8131,2881.7234,1465.1415,2757.6604,1577.956,2703.6416,1659.269,2840.2363,1675.574
96,-1,1671.7147,662.9638,2287.247,1386.1635,0.99985373,1983.2023,908.32513,2216.4917,955.7636,2143.4783,1144.4977,1921.2891,1193.3306,2119.2175,1230.0797
96,-1,1477.93,612.02734,2038.04,1267.0406,0.7440234,1830.7191,867.4079,1925.7777,866.4981,1978.9655,973.6973,1823.6908,1076.7134,1909.6816,1080.0249
97,-1,2613.8984,1261.9202,3016.0583,1811.1085,0.999951,2696.5034,1449.6799,2877.547,1466.5024,2751.723,1581.7867,2697.9963,1662.1154,2837.3965,1678.2437
97,-1,1669.5428,660.3426,2265.4358,1375.7816,0.999936,1975.472,917.1813,2199.2703,946.48315,2143.5957,1143.603,1928.1377,1196.7778,2115.9202,1219.6165
98,-1,2613.6602,1267.0311,3013.4385,1811.0234,0.99994314,2696.5122,1449.4099,2876.6182,1468.0671,2750.8293,1581.9708,2695.1853,1660.829,2835.0652,1678.607
98,-1,1660.4772,647.8367,2269.8179,1389.1632,0.99979204,1949.5035,921.38684,2188.438,943.7159,2118.5486,1133.5156,1915.286,1190.5558,2132.692,1208.7131
98,-1,1316.5684,569.5604,1714.8793,1114.8179,0.84253263,1417.9122,762.33875,1532.7179,775.4049,1438.8115,823.5906,1420.6019,934.0719,1517.6548,946.564
98,-1,1443.8917,628.5152,2020.0831,1276.616,0.755247,1803.7197,858.9419,1901.1812,854.47723,1953.0153,957.7692,1794.7408,1071.7659,1886.8693,1072.5044
99,-1,2616.9058,1244.094,3022.2625,1802.9089,0.99994314,2704.7048,1445.1266,2887.1392,1468.5834,2764.106,1578.3029,2704.1824,1654.3379,2843.6785,1676.2096
99,-1,1613.4801,742.3849,2195.6345,1530.7584,0.9998349,1944.2667,987.7192,2124.9834,1038.0001,2087.0022,1201.3778,1890.3279,1318.0702,2012.9109,1356.8788
99,-1,2459.361,1151.188,2678.1511,1480.7338,0.996962,2492.3896,1298.2103,2569.3462,1315.4576,2492.0706,1371.1616,2499.5322,1407.7871,2550.0261,1422.0066
99,-1,1473.903,662.5543,2012.0625,1302.0602,0.83066136,1825.7837,908.5796,1912.3855,901.1455,1973.8275,1009.2589,1817.6564,1113.892,1900.4952,1111.6693
99,-1,1365.9834,610.6096,1788.3004,1178.7366,0.7841291,1549.6,818.96124,1640.0403,823.38354,1598.1548,884.9074,1527.4078,990.1449,1612.1228,994.91595
100,-1,2633.754,1240.6338,3041.7861,1809.1161,0.9999485,2722.9048,1441.5012,2906.9487,1466.9109,2781.0159,1580.0233,2721.8315,1658.4093,2860.2417,1681.5277
100,-1,1626.0184,673.9526,2226.8655,1420.3561,0.9998423,1930.8069,940.1748,2157.7217,974.4252,2097.9062,1173.1793,1882.6497,1232.9813,2074.6855,1259.5356
100,-1,2455.0898,1157.3684,2675.881,1463.5481,0.99886924,2482.1182,1296.0867,2556.7566,1316.2987,2479.44,1368.2797,2483.8997,1398.4028,2537.7922,1414.9338
101,-1,2659.243,1238.7673,3068.3574,1810.679,0.9999443,2745.6226,1445.6492,2930.0757,1468.8998,2802.1768,1577.8462,2747.4758,1665.0417,2878.8333,1686.6909
101,-1,1587.0055,770.7014,2182.3252,1592.0441,0.99982077,1946.1239,1016.0151,2096.9146,1059.9552,2081.92,1212.6243,1863.3414,1349.9429,1981.9656,1382.5474
101,-1,2449.769,1158.5361,2685.3462,1536.5332,0.99929667,2480.0386,1305.1808,2533.164,1315.4866,2455.5376,1375.7529,2480.0637,1433.1776,2527.0962,1440.4846
102,-1,2694.2388,1269.2479,3094.1199,1818.4806,0.99994314,2779.3103,1453.0201,2957.441,1472.4829,2829.3767,1582.0874,2778.807,1674.7858,2904.4448,1692.6356
102,-1,1627.6404,686.9426,2220.8894,1408.5558,0.9998499,1931.9526,934.0294,2154.3157,972.64325,2096.542,1174.6519,1881.053,1224.2137,2074.3762,1255.5747
102,-1,2461.761,1185.137,2680.3132,1534.1378,0.99944633,2489.3943,1310.6218,2538.2559,1314.128,2462.7068,1386.0223,2499.6938,1438.3834,2545.4805,1440.0934
103,-1,2707.4822,1247.5905,3114.7751,1822.853,0.9999317,2794.3762,1450.4264,2978.3777,1475.4473,2848.546,1585.1556,2798.523,1681.621,2917.0835,1704.1655
103,-1,1611.5259,764.12305,2210.8457,1573.2356,0.999635,1952.7219,1004.7175,2128.8843,1056.8042,2091.9436,1214.115,1877.8699,1339.9069,2015.7032,1378.1495
103,-1,2467.4128,1197.1388,2679.8167,1534.2314,0.99937445,2497.099,1314.9203,2543.9385,1321.5388,2467.7837,1389.2291,2502.6326,1438.3671,2547.1978,1442.2617
104,-1,2736.4653,1254.8927,3139.3044,1841.5446,0.99994504,2814.963,1467.1653,2986.2878,1479.9292,2858.2905,1580.2769,2820.7925,1691.7278,2937.341,1704.042
104,-1,1629.4473,684.3226,2226.807,1413.0029,0.99987733,1931.4265,937.72876,2155.1306,967.21735,2098.9736,1163.2686,1891.0039,1227.0575,2085.658,1250.0634
104,-1,2461.052,1198.1862,2677.546,1531.8473,0.99940217,2488.4575,1322.56,2540.0935,1325.0996,2466.645,1389.6492,2495.3984,1444.5061,2545.37,1445.5995
105,-1,2742.4292,1269.7972,3145.0244,1841.1376,0.9999318,2819.9907,1463.239,3003.3308,1477.7068,2868.156,1585.6285,2823.538,1697.4207,2945.3606,1711.4182
105,-1,1605.0876,764.9655,2213.9116,1526.7405,0.99974185,1939.0345,984.4506,2138.584,1040.8514,2086.5154,1205.4232,1867.8159,1313.7751,2015.0762,1357.7721
105,-1,2458.0657,1206.1431,2684.5916,1538.131,0.9995747,2482.1028,1329.3613,2543.2363,1332.0618,2464.1836,1392.924,2489.895,1450.6426,2546.7551,1451.896
106,-1,2752.3425,1267.5132,3160.7126,1856.0923,0.99993145,2836.6846,1471.644,3009.4453,1488.8206,2880.2227,1591.6053,2833.897,1699.0016,2956.9097,1715.296
106,-1,1596.0945,759.414,2218.7388,1524.6042,0.99976546,1942.6337,982.8163,2136.3704,1044.9158,2078.0547,1208.877,1856.0496,1307.801,2000.2906,1356.6167
106,-1,2452.792,1216.7285,2679.4573,1541.2109,0.99958175,2476.3274,1334.646,2550.384,1332.7614,2471.051,1395.246,2483.9224,1460.6499,2544.578,1458.9242
106,-1,1423.1843,653.271,1958.4114,1289.8582,0.7595016,1755.8107,889.7118,1856.6443,899.3016,1882.3655,1001.6562,1718.4979,1100.5626,1813.2297,1111.5106
107,-1,2761.7834,1261.2295,3171.6343,1860.0428,0.99993026,2846.1912,1469.7659,3026.2485,1488.698,2896.1018,1590.1781,2852.6707,1702.9149,2972.198,1720.9362
107,-1,2449.6033,1210.522,2686.7708,1546.6414,0.99969244,2474.365,1330.5249,2563.804,1331.9088,2480.2854,1395.5978,2479.7803,1461.8861,2548.1787,1463.8895
107,-1,1589.802,757.01276,2184.8418,1559.0923,0.9995493,1920.78,1002.6285,2101.464,1056.8909,2066.9995,1202.4315,1853.5996,1327.9174,1990.0735,1369.0269
107,-1,1445.257,663.68274,1981.6836,1312.1157,0.7735433,1795.0149,907.3962,1893.9574,908.17865,1943.5869,1022.65753,1776.1066,1128.541,1866.484,1132.682
108,-1,2786.3545,1258.4911,3203.3777,1856.7559,0.9999424,2869.5554,1472.4961,3053.504,1491.8174,2921.553,1595.8983,2878.8777,1702.0039,3004.911,1720.3905
108,-1,2457.4902,1202.473,2701.7205,1544.5056,0.99971205,2484.995,1334.1659,2583.93,1333.9735,2503.367,1398.1847,2494.7883,1460.3749,2570.9304,1461.1967
108,-1,1606.571,775.19507,2198.9873,1525.3599,0.99823844,1914.7421,1011.9404,2127.0867,1058.612,2085.9233,1195.583,1886.3495,1322.0271,2044.9695,1358.0704
108,-1,1643.563,1069.5186,2051.5308,1596.3911,0.9626029,1915.9487,1297.1973,1999.4471,1318.6167,2012.5237,1445.7026,1859.6814,1462.4879,1934.2344,1481.009
109,-1,2832.2737,1270.0222,3247.047,1851.7386,0.99994624,2909.8723,1476.4817,3093.19,1491.5273,2960.1694,1599.436,2920.0913,1698.7803,3051.0923,1713.3998
109,-1,2481.1848,1198.5371,2729.716,1541.4285,0.99972767,2515.0205,1334.1555,2619.3796,1335.7908,2541.42,1401.911,2525.001,1459.1118,2607.974,1461.3855
109,-1,1652.0474,705.4468,2228.3923,1464.2198,0.9995253,1965.333,959.01514,2178.699,984.8617,2145.6426,1158.7798,1930.8666,1254.5978,2117.7612,1269.8418
109,-1,1685.4635,1135.2203,2053.353,1579.0035,0.98792434,1920.9773,1352.844,1999.3608,1352.771,2006.5903,1448.5566,1887.9795,1487.1738,1938.9723,1485.7327
109,-1,1233.192,676.5319,1576.5907,1156.0162,0.7734597,1323.0953,856.6729,1358.2875,845.78235,1309.0499,913.24585,1335.7557,991.53503,1375.1833,982.753
110,-1,2883.096,1286.981,3292.9143,1851.5212,0.99995923,2958.312,1482.689,3138.7341,1498.5194,3004.5117,1606.7902,2962.6152,1698.463,3098.809,1714.136
110,-1,2516.5183,1196.488,2763.7068,1544.773,0.9998104,2553.0015,1335.6399,2659.6958,1337.4669,2582.1868,1401.8752,2563.5273,1461.3694,2649.2593,1463.4845
110,-1,1675.4995,706.06476,2263.4116,1457.1803,0.99910337,2012.9231,950.9031,2217.7007,972.0938,2198.7888,1147.0951,1978.012,1247.3629,2149.0574,1260.965
110,-1,1728.4503,1126.8856,2109.2373,1569.342,0.97859144,1965.9974,1338.7007,2038.8582,1347.0071,2037.351,1436.7628,1917.1912,1464.2769,1970.7838,1470.2642
110,-1,1258.5355,688.7706,1610.2926,1144.6461,0.9062154,1321.5427,876.51263,1409.3379,832.0789,1347.1569,891.24493,1361.095,992.8525,1440.1276,954.9153
111,-1,2933.0027,1287.268,3347.9114,1853.5875,0.99995446,3005.839,1485.4958,3187.4927,1499.4598,3055.3333,1610.5524,3013.3184,1694.303,3159.0508,1708.899
111,-1,2549.884,1194.7147,2804.8606,1543.2894,0.9997522,2596.0532,1341.6467,2710.1055,1343.9738,2633.1262,1405.3522,2608.113,1465.6917,2695.5881,1467.7241
111,-1,1764.7078,772.4417,2290.3994,1484.6769,0.998287,2041.4452,977.70166,2238.3044,1012.96594,2206.8704,1154.7711,2022.0323,1276.4994,2176.2395,1304.8668
111,-1,1343.886,735.54443,1610.0687,1070.4806,0.91525984,1390.1221,836.6631,1492.6499,824.50867,1427.1355,840.68604,1405.4783,932.39014,1503.9897,921.3636
112,-1,2981.699,1290.9508,3400.483,1847.8872,0.9999635,3063.1138,1484.2174,3245.6814,1502.0747,3112.8455,1614.0944,3063.3564,1691.3381,3210.7944,1708.6156
112,-1,2587.63,1192.1984,2853.5647,1549.285,0.9997893,2647.1274,1347.7666,2764.5938,1344.6774,2697.6218,1405.4875,2661.539,1470.188,2752.7424,1467.3595
112,-1,1774.7576,712.69965,2333.4915,1456.3813,0.9984843,2104.1724,952.09045,2268.7314,963.81573,2282.578,1126.0045,2098.9624,1241.9703,2241.3123,1250.5999
112,-1,1393.5273,743.978,1706.1108,1095.6569,0.9296164,1464.6345,864.02545,1563.3463,851.0855,1502.7635,875.8604,1492.5939,956.72205,1571.9082,945.6729
113,-1,3031.798,1289.6338,3449.8286,1852.9274,0.9999646,3107.7695,1484.8934,3291.2795,1504.4434,3155.9272,1614.6464,3107.8855,1690.7485,3258.4094,1710.0243
113,-1,2635.6655,1197.5052,2892.5032,1549.2296,0.99984217,2704.232,1346.2987,2820.2122,1350.4526,2758.9436,1411.3507,2713.7976,1471.433,2802.752,1475.2272
113,-1,1853.5325,701.1274,2333.8875,1423.7645,0.99935514,2154.422,962.4049,2271.5984,958.921,2308.902,1105.4261,2156.1138,1224.8745,2253.8367,1221.7566
113,-1,1431.297,712.5643,1822.6123,1180.9476,0.96698004,1515.2366,861.88873,1600.0363,834.2193,1534.6138,875.4496,1537.739,979.34753,1634.2258,959.2173
113,-1,1157.4652,966.69257,1776.1166,1497.4846,0.7849843,1490.2373,1209.7786,1454.0671,1204.4895,1494.5564,1176.8577,1498.2198,1240.3367,1445.2615,1237.3671
114,-1,3071.7998,1292.5593,3487.6838,1852.033,0.9999676,3148.0215,1485.314,3329.221,1506.5221,3192.6406,1615.031,3144.9104,1691.1886,3292.896,1711.6697
114,-1,2672.4824,1198.6241,2926.8398,1552.6365,0.9998068,2753.558,1348.8647,2868.1968,1354.3903,2815.2883,1414.1538,2762.232,1474.2109,2849.0007,1478.9861
114,-1,1910.9535,723.76746,2352.847,1440.0089,0.9921698,2179.2988,971.764,2298.8484,974.22424,2334.6157,1136.2313,2196.5552,1257.7572,2288.7302,1259.2822
115,-1,3098.7446,1293.3057,3515.38,1857.5184,0.999972,3174.8308,1485.3998,3356.6067,1509.316,3218.5422,1615.3856,3169.845,1692.3754,3318.7334,1715.3247
115,-1,2702.2302,1197.4442,2954.497,1566.3425,0.99980706,2796.3447,1347.031,2910.1545,1354.0006,2865.8909,1419.3678,2804.0352,1477.5076,2891.657,1482.7549
115,-1,1900.3494,701.38196,2400.6519,1475.9644,0.9962161,2202.998,964.9669,2338.7778,978.2753,2354.8347,1135.4186,2201.5605,1258.3325,2302.5588,1265.3905
116,-1,3109.7402,1297.4456,3524.5024,1852.504,0.9999577,3190.9866,1481.4274,3377.6887,1507.238,3237.777,1616.0457,3184.3042,1695.4055,3333.5647,1720.0516
116,-1,2726.4617,1200.4376,2980.9802,1570.7108,0.99981457,2841.3916,1348.122,2948.8647,1358.4377,2916.5383,1422.2057,2846.1172,1482.2178,2930.108,1489.8977
116,-1,1889.5359,706.2776,2417.7869,1492.4503,0.99561346,2208.1956,980.20416,2348.3071,982.69476,2372.7083,1146.4388,2201.5667,1285.4137,2315.1807,1284.6621
116,-1,1702.5734,652.75085,2205.2,1329.0143,0.89255685,1985.0098,918.35565,2029.8829,933.662,2025.3209,1039.4448,1944.1752,1134.3416,1982.1614,1147.5116
117,-1,3107.746,1302.2928,3521.0933,1854.6698,0.9999578,3188.5515,1484.9253,3374.0095,1513.2052,3232.8105,1619.0691,3178.5837,1695.6611,3328.3918,1722.7217
117,-1,2737.6812,1209.3663,2982.648,1573.9697,0.9998416,2861.545,1356.5007,2960.3567,1366.9636,2940.5537,1429.8018,2861.1987,1485.313,2942.982,1493.2921
117,-1,1898.3059,713.0429,2387.0837,1474.9352,0.99657756,2211.2605,981.2096,2323.4448,995.52545,2356.6135,1149.6139,2212.2354,1277.9254,2296.9524,1286.4564
118,-1,3105.974,1299.4047,3521.7395,1863.0648,0.9999578,3184.0916,1487.1654,3370.21,1516.8577,3225.1355,1621.0807,3172.5098,1697.4719,3326.2078,1726.0305
118,-1,2746.5422,1214.8025,2979.5642,1580.8403,0.9998266,2880.863,1360.2552,2966.8408,1367.2356,2961.5354,1437.0876,2880.966,1492.6627,2950.3032,1498.0142
118,-1,1857.3538,749.50903,2385.076,1523.39,0.9974431,2169.3606,1009.4162,2305.939,1023.1994,2320.5488,1177.2014,2154.0842,1314.7391,2260.8938,1323.5123
118,-1,1664.8235,636.86694,2194.3015,1306.5266,0.84551406,1993.6782,898.058,2032.2188,921.4536,2075.0923,1043.7599,1983.038,1117.9017,2014.3132,1140.7772
119,-1,3093.1858,1281.6482,3520.1528,1860.5684,0.999967,3179.5825,1489.9473,3363.0527,1532.9999,3220.1555,1629.0792,3167.1074,1692.449,3316.2212,1731.6245
119,-1,2758.0725,1215.6348,2986.6611,1581.6282,0.99983156,2898.4597,1362.7256,2971.6096,1366.723,2975.8142,1439.3661,2897.4282,1496.0582,2953.5857,1499.3325
119,-1,1829.6993,761.3304,2357.0232,1566.6407,0.99759114,2161.2585,1020.1127,2277.7788,1041.6097,2307.79,1194.7523,2130.193,1345.6727,2209.147,1361.6018
120,-1,3098.4675,1302.7399,3505.8958,1864.2615,0.9999689,3179.0718,1492.4174,3360.183,1525.2777,3220.4475,1630.0693,3165.834,1701.9652,3311.7478,1732.0668
120,-1,2767.7812,1223.0159,2998.4077,1585.8397,0.99983597,2913.8125,1362.5282,2982.3247,1370.3224,2986.7085,1440.8347,2910.4915,1497.2175,2959.7827,1504.4082
120,-1,1810.2837,775.0525,2359.7773,1585.7203,0.99910384,2135.8633,1021.6419,2261.6814,1050.9806,2277.0383,1196.1674,2098.8254,1357.3518,2185.5256,1378.2958
120,-1,1628.5535,684.8745,2172.335,1359.0936,0.7656573,1977.8914,934.0347,2020.2924,964.96063,2051.1797,1083.5507,1935.3353,1163.1173,1967.8256,1191.579
121,-1,3098.3584,1308.3007,3505.722,1868.5577,0.9999671,3180.0132,1494.0125,3360.8403,1528.2064,3221.543,1632.658,3166.6035,1704.7546,3311.661,1736.0593
121,-1,2779.8657,1226.9073,3008.2751,1586.2883,0.99982303,2929.935,1366.7782,2988.0986,1371.3438,3001.1252,1443.6086,2922.1558,1499.3552,2962.3518,1505.4716
121,-1,1809.7618,754.0843,2313.9702,1538.771,0.9990048,2107.2227,1013.8111,2234.1633,1026.2543,2258.9067,1181.7101,2113.681,1330.0725,2203.1814,1337.5894
122,-1,3102.9058,1313.3812,3515.044,1876.2507,0.9999608,3179.2422,1500.6295,3361.428,1531.4103,3217.127,1635.4077,3167.6128,1709.3678,3316.8489,1738.6808
122,-1,2794.6633,1229.2572,3014.2163,1584.4634,0.9997744,2948.755,1371.1681,2984.9631,1370.7745,3014.7395,1444.7291,2936.5913,1496.9851,2962.798,1498.8698
122,-1,1804.5289,741.2372,2315.085,1534.8278,0.9989742,2109.4785,1013.5066,2233.6157,1014.9241,2264.8394,1175.1039,2115.91,1330.7526,2203.687,1329.0011
122,-1,1672.2726,717.4064,2117.37,1346.2527,0.70112306,1940.1084,963.4628,1977.3967,998.29364,1975.9327,1081.4027,1872.5858,1150.7938,1910.4165,1180.3132
123,-1,3103.474,1319.404,3513.8208,1880.3906,0.99995434,3179.0237,1504.0679,3361.652,1534.9847,3217.6013,1639.1395,3166.423,1712.1809,3318.1763,1741.4379
123,-1,2803.321,1232.4258,3019.1677,1586.4366,0.99978596,2956.9104,1371.0328,2990.0159,1372.1847,3018.764,1444.4722,2944.3254,1499.0043,2968.1155,1501.9979
123,-1,1793.8418,747.13574,2317.7173,1532.185,0.99869233,2110.6987,1006.9098,2247.6948,1022.50104,2269.1392,1173.2891,2104.7507,1320.8473,2208.3792,1330.834
124,-1,3102.414,1326.2456,3511.3433,1887.1631,0.9999584,3175.5435,1506.971,3358.8992,1537.3375,3216.337,1641.7349,3165.448,1715.7059,3319.4783,1744.2618
124,-1,2806.188,1235.8806,3023.1594,1587.8008,0.99974674,2960.859,1377.3307,2990.6719,1372.8674,3022.4607,1449.0479,2950.7217,1504.5048,2972.058,1502.5181
124,-1,1813.2949,788.89905,2285.189,1610.8982,0.998161,2157.3308,1020.40125,2216.6726,1058.9862,2261.3423,1221.3217,2082.647,1384.6794,2104.058,1412.0902
125,-1,3099.4426,1329.4529,3508.682,1887.7235,0.9999621,3171.0916,1510.2451,3354.735,1541.2065,3212.0579,1644.8174,3161.0942,1717.1936,3316.4312,1746.1102
125,-1,2810.8687,1235.6572,3023.8289,1592.1714,0.99973196,2965.3662,1379.6213,2987.125,1375.0994,3023.3093,1451.3773,2954.276,1506.2,2970.936,1504.1753
125,-1,1807.8749,771.5165,2278.6392,1594.6107,0.99618465,2131.7903,1036.0261,2222.345,1058.708,2259.9592,1222.121,2087.1826,1380.971,2138.5144,1395.4435
126,-1,3088.7603,1332.7382,3499.0298,1891.8604,0.99995804,3161.2463,1514.2865,3345.7212,1543.1221,3206.7334,1651.1741,3153.2886,1720.4028,3310.9336,1747.7985
126,-1,2812.3818,1238.1339,3018.9526,1593.1229,0.9997632,2962.3994,1380.8081,2979.814,1376.121,3017.611,1453.3153,2950.8162,1507.9357,2964.7341,1505.5309
126,-1,1775.0333,799.4806,2261.338,1573.0288,0.99881727,2104.734,1047.8363,2202.4902,1069.4113,2250.612,1220.9822,2068.705,1360.3823,2131.9316,1375.9088
126,-1,1827.4247,578.5018,2320.7415,1267.4353,0.79394734,2109.6167,959.85126,2223.3794,916.15356,2265.7034,1073.7627,2163.8413,1133.4901,2245.7434,1097.4364
127,-1,3068.597,1325.2335,3475.3545,1882.2168,0.9999558,3144.3877,1512.5927,3327.2686,1543.9861,3183.912,1646.055,3132.7,1721.2416,3281.5417,1751.2026
127,-1,2806.597,1242.1842,3008.6147,1592.8151,0.9997837,2952.6084,1383.0474,2968.489,1379.5027,3006.3262,1450.419,2945.0078,1507.5844,2953.626,1506.4619
127,-1,1757.6624,804.73755,2269.4673,1559.6467,0.9977926,2059.1914,1078.5375,2179.6248,1104.4209,2188.2546,1225.0377,2020.7253,1342.7535,2115.7817,1360.1437
128,-1,3046.9573,1334.8982,3454.5442,1886.6052,0.99994814,3126.2075,1515.637,3307.8037,1545.9973,3169.5562,1653.3978,3114.7979,1722.282,3265.0212,1750.3771
128,-1,2791.8308,1243.4049,2989.135,1591.7773,0.9997824,2933.7039,1384.9149,2944.1938,1381.5898,2979.5894,1452.8545,2920.9336,1506.2671,2926.1216,1506.2789
128,-1,1749.0938,784.2451,2240.0369,1530.1489,0.9981254,2042.3945,1036.2256,2175.9114,1069.4482,2175.459,1228.169,2010.0396,1338.494,2105.4539,1362.7844
129,-1,3022.7393,1330.0901,3426.3223,1883.3845,0.9999373,3102.2908,1514.0662,3284.6418,1544.4314,3145.7014,1650.5269,3092.0986,1727.922,3236.2275,1755.7509
129,-1,1726.4264,743.31305,2235.8083,1509.8345,0.99794096,2024.1973,1022.86444,2164.4631,1056.1013,2156.9744,1220.4686,1987.816,1320.5139,2090.2168,1343.7719
130,-1,3003.1978,1333.6506,3404.8152,1883.2833,0.9999496,3081.4436,1515.5625,3262.7622,1546.837,3123.7227,1653.6001,3072.5264,1731.2935,3209.3574,1758.9458
130,-1,1704.9238,750.0265,2206.3523,1496.7504,0.99484164,2003.9955,1016.3468,2146.5034,1028.9694,2152.3982,1187.914,1995.8318,1317.359,2099.8313,1323.2162
131,-1,2988.7532,1333.6024,3392.4102,1893.4744,0.99994457,3067.3076,1519.5107,3248.3015,1549.0869,3109.296,1655.2926,3060.391,1739.6691,3196.77,1766.6666
131,-1,1709.3129,769.4339,2156.3892,1495.3079,0.99609804,1985.311,1020.6153,2110.051,1033.6853,2128.1394,1198.5769,1980.3832,1326.575,2064.4458,1333.6952
132,-1,2986.6462,1335.2737,3391.967,1896.4332,0.99994504,3065.1038,1519.943,3246.0002,1548.263,3106.389,1654.8213,3058.9507,1741.4884,3194.9827,1767.7177
132,-1,1646.7057,773.5507,2152.1877,1563.575,0.99840194,1974.0656,1021.08563,2094.2678,1049.8801,2121.005,1205.6129,1944.0635,1344.7183,2029.2732,1364.8772
133,-1,2989.558,1334.6406,3392.2026,1891.558,0.9999341,3066.8726,1518.8114,3248.9045,1547.0398,3109.9824,1654.6653,3062.398,1741.0265,3197.2583,1766.8956
133,-1,1667.0549,757.40576,2152.3967,1523.4353,0.99772376,1981.3289,1013.5608,2100.0366,1030.4363,2135.5994,1193.9395,1972.0708,1327.0771,2052.2954,1337.9972
134,-1,2995.0396,1308.828,3413.2388,1891.9963,0.9999473,3070.3657,1523.9575,3253.9187,1553.8481,3115.1482,1659.1273,3069.1736,1736.7703,3211.771,1763.7017
134,-1,1681.8685,746.01404,2179.6348,1501.1968,0.99777055,1989.792,1025.1177,2125.7854,1039.685,2145.8462,1208.664,1982.3733,1325.0446,2077.961,1333.5458
135,-1,3003.006,1338.2283,3405.8997,1894.3075,0.9999653,3083.0986,1528.8323,3261.8535,1556.0769,3127.9575,1663.6768,3077.1362,1739.2231,3217.7832,1763.9224
135,-1,1690.5236,760.8577,2206.6401,1538.0192,0.9981834,1996.4512,1034.1592,2147.8335,1060.4922,2149.7026,1215.6555,1981.5554,1333.5281,2092.407,1351.8195
136,-1,3028.2314,1336.9502,3431.4082,1899.3638,0.99996066,3109.113,1535.7323,3288.7788,1562.9148,3155.6196,1667.8134,3100.4155,1740.5947,3248.879,1765.8484
136,-1,1722.0363,777.19775,2220.7122,1561.9249,0.99698716,2038.5736,1039.1027,2164.9314,1054.1855,2190.0261,1227.8618,2017.3038,1357.6425,2107.4922,1366.3997
137,-1,3044.8752,1341.7788,3451.2253,1902.5566,0.99996495,3121.843,1540.5771,3301.4521,1567.0825,3165.8508,1667.134,3114.1956,1739.1697,3267.8894,1764.5347
137,-1,1743.3502,762.7973,2267.0884,1553.4792,0.998781,2051.2961,1044.1066,2199.705,1058.109,2209.513,1214.0195,2037.6672,1344.8865,2149.8628,1353.2074
138,-1,3049.9458,1342.4064,3456.35,1900.7769,0.99996483,3132.9026,1538.4165,3314.987,1567.5405,3180.5151,1670.6268,3121.239,1740.64,3274.0657,1767.7668
138,-1,2798.0217,1242.2103,2978.692,1608.5493,0.9995272,2928.3467,1391.036,2943.34,1392.8043,2974.9148,1454.275,2933.4814,1517.5786,2938.248,1519.4218
138,-1,1761.502,776.7063,2267.1465,1546.7682,0.9985228,2081.1138,1049.6243,2203.2925,1058.4657,2230.9922,1237.1571,2065.2869,1356.84,2148.7734,1360.8156
139,-1,3058.408,1346.5732,3471.122,1904.8567,0.99995947,3141.357,1541.4026,3324.9927,1570.9181,3189.1826,1673.2086,3131.1023,1742.338,3285.3342,1769.7101
139,-1,2802.9424,1243.2476,2982.4001,1609.8529,0.9995308,2938.193,1387.8513,2951.8987,1393.0948,2981.5837,1446.9591,2941.556,1513.4331,2947.7722,1517.8729
139,-1,1772.5653,788.8324,2274.9368,1549.1282,0.99894255,2077.7712,1060.2207,2205.1523,1068.6449,2231.6404,1219.9452,2068.591,1348.5692,2164.6248,1352.5474
140,-1,3066.815,1345.0282,3479.5964,1907.847,0.9999651,3156.808,1541.6329,3342.4802,1571.2992,3208.9512,1674.671,3143.5068,1746.6438,3298.4397,1774.0359
140,-1,2805.9023,1236.8264,2987.8804,1610.1279,0.99904567,2942.9595,1387.031,2955.675,1390.0396,2986.735,1444.6753,2950.605,1514.4929,2955.8584,1517.1002
140,-1,1776.0652,768.1301,2296.892,1557.9774,0.99820256,2114.2683,1044.9948,2225.4033,1061.1726,2256.8845,1225.6868,2083.5637,1349.3081,2164.2898,1359.5153
140,-1,1658.0868,778.92456,2032.0454,1328.5077,0.7245031,1826.0933,1009.6811,1883.034,985.59485,1891.4873,1075.954,1877.5396,1186.6038,1911.4944,1167.5935
141,-1,3073.731,1334.7828,3487.2163,1904.7405,0.999959,3161.662,1540.9515,3353.105,1573.9648,3216.6045,1672.565,3149.1875,1748.5807,3303.4663,1778.5732
141,-1,2810.9563,1244.1453,2993.8835,1604.0046,0.99915564,2944.5354,1391.4548,2959.2825,1389.0015,2989.2986,1445.6823,2954.2737,1514.3226,2961.4092,1512.8903
141,-1,1813.8378,764.17,2318.7212,1533.0614,0.9970963,2117.4614,1035.4485,2259.9917,1047.134,2276.1687,1214.206,2115.038,1338.5706,2219.8489,1344.9412
142,-1,3080.5122,1343.9089,3490.1392,1904.5929,0.9999604,3171.4763,1544.0658,3362.9734,1576.1707,3229.215,1675.2882,3159.534,1751.9314,3311.6638,1781.2192
142,-1,1795.3745,759.24316,2327.195,1537.5209,0.99650925,2127.8296,1045.3949,2255.648,1040.3285,2291.247,1217.9188,2127.7058,1352.3145,2216.0322,1344.9683
143,-1,3084.849,1348.1416,3495.201,1907.6432,0.9999577,3180.5576,1551.7731,3367.3135,1578.3557,3242.5815,1684.6931,3172.0964,1756.734,3316.0366,1778.7385
143,-1,1838.1044,798.38885,2343.6929,1618.1198,0.9978575,2178.0178,1046.3531,2257.7566,1070.5322,2287.1482,1215.1826,2101.0828,1374.0953,2160.002,1389.2073
144,-1,3092.9575,1351.5776,3501.154,1907.0565,0.99994874,3188.107,1552.7676,3374.799,1580.7305,3250.0298,1685.9806,3177.2852,1756.9675,3322.3777,1780.246
144,-1,1834.8098,796.4011,2342.432,1571.111,0.99943775,2151.831,1055.3408,2256.892,1078.4985,2278.1172,1227.2692,2116.145,1354.5079,2198.5156,1370.0736
145,-1,3094.0505,1346.1443,3506.4514,1905.0873,0.99995565,3189.1113,1549.9989,3377.0159,1577.4597,3251.2012,1681.4185,3179.2795,1753.9938,3325.8665,1776.7435
145,-1,2800.239,1244.4056,2999.1614,1596.5359,0.9998068,2944.5522,1383.6914,2961.9802,1384.2642,2996.7803,1442.6821,2944.9766,1509.5319,2956.1313,1512.215
145,-1,1834.6819,820.36896,2320.9868,1599.4421,0.9989355,2173.5498,1037.5818,2245.8506,1059.8091,2299.9229,1206.2296,2127.3708,1372.1422,2164.8606,1388.1938
146,-1,3093.8206,1343.8092,3507.6604,1904.2573,0.99995255,3189.2537,1547.1771,3378.5977,1575.374,3252.5903,1679.6014,3178.997,1752.0779,3327.6829,1775.3938
146,-1,2793.4658,1242.7086,2999.967,1591.9596,0.99985695,2938.345,1380.87,2968.2917,1381.7489,2997.4275,1442.6122,2938.76,1506.9979,2959.0315,1509.6064
146,-1,1838.8218,738.8973,2357.084,1536.588,0.9992331,2144.0542,1041.5364,2266.0803,1049.2114,2288.2517,1193.9297,2136.7808,1319.5492,2230.4387,1321.6465
147,-1,3090.8215,1345.2318,3507.5818,1904.1951,0.99995005,3193.8162,1539.5337,3381.2314,1571.5864,3256.0415,1675.5979,3180.225,1745.4886,3327.692,1773.2584
147,-1,2784.5122,1237.0969,2995.8904,1588.5576,0.9998697,2931.231,1374.8325,2967.1313,1379.4607,2991.364,1438.1438,2932.9136,1500.5266,2956.3896,1506.0985
147,-1,1829.7373,760.286,2349.0728,1552.0618,0.9996573,2152.289,1030.8073,2267.3413,1049.331,2296.765,1188.4478,2129.3433,1321.9004,2224.4214,1335.0112
148,-1,3082.724,1339.2413,3499.9907,1903.0372,0.99996233,3187.7913,1537.3491,3375.4746,1571.3049,3250.0396,1676.5851,3172.6343,1744.6763,3318.6326,1773.9656
148,-1,2774.0051,1225.5654,2989.224,1584.665,0.99985313,2920.173,1367.1951,2967.544,1374.4849,2985.54,1433.9105,2921.9233,1496.1017,2953.6238,1503.1625
148,-1,1814.495,741.9067,2348.225,1546.1466,0.99913836,2165.9402,1012.58795,2272.2754,1043.2617,2307.9949,1179.1095,2120.1877,1312.2073,2206.1423,1334.3567
149,-1,3081.2776,1338.3417,3488.3792,1895.4951,0.9999567,3180.6733,1538.8889,3368.3735,1575.3073,3238.1953,1671.4407,3161.1877,1743.403,3311.7207,1775.663
149,-1,2761.552,1218.5933,2982.9639,1583.1156,0.9998197,2909.38,1363.0254,2961.4158,1370.7302,2976.4048,1434.581,2908.2378,1494.1564,2943.7593,1500.981
149,-1,1825.3341,724.7829,2337.7324,1514.5616,0.9991079,2156.315,984.6848,2286.228,1011.89996,2316.4395,1166.1019,2134.292,1302.522,2233.3013,1322.0428
150,-1,3074.1655,1333.622,3483.4697,1895.3105,0.9999641,3173.1406,1538.6931,3361.6035,1576.9225,3230.2744,1672.3613,3154.4421,1742.7507,3303.9966,1777.1458
150,-1,2746.5117,1213.7133,2977.4626,1584.1715,0.99986255,2892.6042,1364.4934,2959.5117,1368.1877,2969.811,1433.1227,2896.1719,1496.427,2943.469,1500.513
150,-1,1811.3484,727.76373,2330.2212,1517.8047,0.9987708,2140.5344,977.3447,2272.2727,1004.37445,2299.6262,1163.994,2117.2417,1310.1382,2214.626,1328.6946
151,-1,3072.6555,1339.5801,3482.4307,1898.5609,0.9999517,3166.0674,1543.9845,3353.1243,1575.8107,3224.393,1678.561,3150.7122,1746.9824,3297.3955,1773.7944
151,-1,2732.6787,1216.135,2970.036,1585.2534,0.9998734,2876.548,1363.2505,2953.6885,1369.8345,2954.3157,1435.6825,2879.1094,1495.4661,2935.8174,1501.0149
151,-1,1808.6996,735.3414,2323.9353,1521.7711,0.9992557,2133.3972,979.41406,2264.0264,1004.79395,2291.347,1155.5671,2114.731,1307.2516,2208.6404,1325.4636
152,-1,3064.3274,1343.0762,3474.489,1903.1552,0.9999559,3161.5308,1548.7638,3346.4192,1580.9305,3219.0132,1678.1248,3144.9714,1750.9414,3288.8079,1778.1202
152,-1,2719.5464,1218.9095,2967.0098,1587.8032,0.99985206,2850.0083,1367.4098,2946.6924,1375.7484,2931.583,1432.6292,2857.867,1496.2615,2933.6165,1502.0667
152,-1,1812.0071,734.58484,2342.4185,1499.7062,0.99911445,2152.956,980.8645,2277.3606,1013.82117,2294.7417,1172.3616,2105.8706,1293.5125,2196.8708,1317.0441
153,-1,3054.7747,1348.5037,3460.8672,1904.616,0.9999515,3152.9756,1550.0898,3338.3303,1579.1355,3214.162,1681.1017,3140.082,1755.825,3280.34,1780.1752
153,-1,2709.4216,1214.9097,2960.1143,1581.6122,0.99987805,2824.2085,1374.6318,2927.408,1376.2289,2905.4329,1436.0332,2836.1128,1498.4203,2918.1025,1498.7513
153,-1,1814.7794,736.42255,2351.8008,1498.4751,0.9989557,2148.3022,975.6166,2286.1724,1010.56177,2291.1646,1171.041,2100.7988,1294.062,2202.7332,1319.3519
153,-1,3528.2998,1289.0139,3817.9636,1560.0308,0.96942925,3685.0159,1421.7981,3754.127,1482.7833,3703.2048,1509.0065,3608.0894,1468.1577,3658.5942,1517.7418
154,-1,3047.7222,1345.1725,3454.7346,1898.5833,0.9999517,3148.1177,1543.7399,3334.1763,1581.4209,3203.4321,1675.1162,3129.6863,1751.575,3270.2058,1785.3049
154,-1,2696.1475,1213.444,2958.2163,1585.8762,0.99982977,2799.2979,1369.5259,2912.832,1368.5607,2880.0862,1431.6622,2818.594,1499.4554,2906.0857,1497.5095
154,-1,1819.3113,729.92126,2358.7773,1500.7098,0.9985576,2148.8682,970.066,2286.334,1011.68994,2286.5718,1168.6362,2098.7615,1289.9515,2200.9927,1321.2968
154,-1,3514.0222,1289.2266,3813.8325,1568.5039,0.7126933,3675.6133,1412.2936,3751.708,1472.4125,3696.1296,1512.1638,3584.7688,1482.6772,3645.9329,1531.6016
155,-1,3049.1328,1340.572,3454.125,1904.4567,0.99995553,3147.6707,1551.6307,3334.3481,1588.0105,3210.6257,1690.412,3135.4624,1756.0863,3278.3945,1788.2451
155,-1,2694.746,1210.8784,2960.3018,1593.0458,0.9997342,2786.558,1371.1207,2904.8682,1369.9836,2862.9292,1433.7001,2805.0625,1501.202,2898.9043,1499.0195
155,-1,1838.8678,711.4031,2358.447,1470.1506,0.9985234,2142.9912,950.3957,2297.8945,988.1889,2296.073,1141.0815,2119.9316,1266.497,2232.7246,1294.8638
156,-1,3053.998,1356.5914,3456.8591,1906.1118,0.9999517,3155.994,1552.7845,3338.0452,1587.3649,3212.104,1682.9149,3137.7786,1758.6088,3275.5486,1789.776
156,-1,2700.9563,1218.8196,2962.8828,1591.0625,0.9997433,2777.8281,1371.5677,2899.2158,1371.6478,2847.6401,1442.3944,2796.1648,1504.4397,2888.8457,1504.732
156,-1,1829.0688,681.74396,2374.3286,1499.5012,0.99823606,2154.2314,973.1813,2297.7566,986.8189,2309.4087,1152.3756,2130.06,1286.1096,2240.197,1294.4003
157,-1,3056.7952,1343.4229,3461.387,1914.1125,0.99995494,3153.3643,1555.9103,3340.8938,1590.3732,3216.6602,1691.2339,3143.0664,1762.5018,3286.9485,1792.5762
157,-1,2701.2344,1219.1847,2968.7317,1597.0209,0.99970776,2773.3381,1372.0757,2898.7693,1369.0426,2840.472,1444.9639,2792.4995,1508.1329,2889.023,1505.4943
157,-1,1836.1664,703.061,2383.8765,1491.2009,0.9973239,2152.8022,970.14923,2302.9473,991.03204,2304.4592,1143.648,2131.9158,1276.3612,2245.9636,1290.0834
158,-1,3065.4927,1358.4459,3463.6272,1909.4581,0.99995077,3161.1035,1552.5793,3346.711,1585.1464,3218.4912,1685.2714,3144.8164,1761.472,3287.9065,1791.1461
158,-1,2705.0708,1218.3761,2976.378,1593.3503,0.9997068,2771.8955,1372.3643,2896.8909,1368.3718,2834.119,1441.7441,2791.0686,1506.9203,2887.7756,1503.6394
158,-1,1851.3224,706.3826,2393.7656,1479.3728,0.9980299,2179.469,973.3876,2316.787,989.96295,2324.5815,1163.3048,2151.0132,1282.954,2252.7349,1292.8257
159,-1,3069.491,1355.6362,3463.191,1907.4656,0.9999474,3163.3506,1550.5923,3350.6985,1581.8342,3224.0273,1685.3252,3149.4563,1759.9856,3295.7288,1788.4023
159,-1,2710.781,1219.6984,2981.2554,1591.3944,0.9997063,2771.3994,1371.6376,2895.6433,1366.3948,2828.8665,1438.8153,2790.9934,1505.7595,2886.7708,1501.6941
159,-1,1854.9681,691.55865,2402.6943,1477.5925,0.9983253,2188.1558,974.50433,2325.7986,990.07794,2337.6472,1152.6155,2161.791,1274.1902,2265.378,1282.7546
