Video ID:	3b32I2t9Jbs
H:	1080
W:	1920
FPS:	30.0

FRAME INDEX X0 Y0 W H [Landmarks (5 Points)]

00000376 00000000 693.65 181.66 346.22 489.60 789.58 344.96 950.35 355.43 865.39 457.86 801.17 540.90 916.35 550.72
00000377 00000001 694.02 184.25 346.18 489.60 787.72 343.98 949.61 349.76 861.75 458.35 803.88 550.25 917.78 554.42
00000378 00000002 693.83 183.67 346.77 491.48 787.53 343.68 949.25 349.51 860.97 458.49 802.66 549.93 917.90 554.15
00000379 00000003 690.63 182.30 350.88 496.50 790.09 344.51 952.19 356.76 866.16 457.88 799.69 545.83 915.74 557.27
00000380 00000004 689.76 185.89 352.65 498.14 790.15 345.25 953.02 357.54 866.13 459.02 799.33 548.90 916.73 560.38
00000381 00000005 689.49 186.19 353.69 500.54 790.69 345.78 953.27 357.87 867.11 459.26 801.02 550.82 917.39 561.97
00000382 00000006 688.45 186.28 354.85 502.35 790.57 345.78 953.63 358.07 867.64 459.74 800.59 551.43 917.38 562.76
00000383 00000007 688.15 184.74 356.13 506.57 790.38 346.68 954.86 358.52 868.04 460.10 800.50 553.78 920.07 564.73
00000384 00000008 687.07 183.29 357.24 509.18 790.09 346.73 954.57 358.62 868.26 460.10 800.31 553.27 919.79 564.30
00000385 00000009 686.43 181.98 358.08 510.72 789.37 347.84 954.59 359.41 868.47 461.02 800.61 553.62 920.85 564.46
00000386 00000010 689.90 182.16 355.57 510.80 789.00 348.49 950.36 353.42 864.46 461.68 806.57 559.91 919.50 563.45
00000387 00000011 692.45 182.69 353.56 508.15 790.37 348.82 951.14 353.92 865.30 462.70 807.61 556.30 921.57 559.97
00000388 00000012 692.57 180.73 352.44 507.19 787.97 348.52 952.40 353.90 863.36 461.36 802.20 553.69 923.47 557.66
00000389 00000013 694.64 184.13 351.13 505.32 791.61 349.34 953.71 354.63 868.85 463.07 809.56 557.14 925.51 560.80
00000390 00000014 695.92 186.79 349.96 503.99 789.68 349.56 953.36 354.19 868.08 464.13 808.84 558.14 925.57 561.24
00000391 00000015 698.33 188.04 347.75 498.79 791.45 349.44 954.78 354.98 869.95 465.44 811.56 554.96 926.66 558.52
00000392 00000016 699.78 187.09 346.11 491.63 791.24 349.97 957.19 352.71 869.17 468.64 807.59 548.16 930.48 549.17
00000393 00000017 699.39 191.58 345.67 484.41 792.95 354.41 960.72 361.51 879.17 468.34 810.28 547.76 934.83 554.33
00000394 00000018 701.39 193.34 344.70 482.58 793.45 349.72 957.41 356.07 873.45 467.11 813.09 550.94 932.06 554.87
00000395 00000019 702.55 192.00 345.69 482.34 793.02 349.78 958.68 353.06 869.43 465.14 810.96 552.02 930.43 553.60
00000396 00000020 703.28 190.92 346.11 482.02 792.84 349.19 957.99 353.01 867.86 465.51 810.40 551.23 929.29 553.40
00000397 00000021 699.85 196.42 346.17 484.50 791.28 354.72 960.90 361.66 878.38 468.78 810.26 559.18 935.25 565.71
00000398 00000022 700.93 196.16 347.09 485.11 796.58 353.59 961.40 362.84 877.67 466.79 813.80 556.34 928.46 565.15
00000399 00000023 702.61 196.64 346.96 483.46 798.16 353.39 962.38 363.24 878.56 467.70 814.99 555.30 927.93 564.52
00000400 00000024 702.97 195.11 347.79 482.43 798.25 354.63 962.84 363.58 879.48 468.33 816.44 555.03 929.51 563.53
00000401 00000025 702.67 194.69 348.31 481.36 798.03 354.19 963.56 363.83 880.03 469.79 815.37 553.87 930.64 562.81
00000402 00000026 702.67 194.91 348.58 480.57 797.59 354.16 963.60 363.59 879.77 469.74 815.50 554.45 930.84 563.17
00000403 00000027 701.04 199.05 349.36 482.63 795.58 354.52 964.25 363.44 881.10 470.25 811.33 554.83 937.53 563.22
00000404 00000028 700.15 199.51 350.31 483.99 795.92 354.61 964.57 364.44 880.90 471.20 810.04 553.23 937.16 562.39
00000405 00000029 699.67 200.47 350.86 482.43 795.65 356.19 964.84 364.76 881.31 471.31 811.12 551.83 938.29 559.99
00000406 00000030 698.84 200.87 351.66 481.18 795.54 357.09 964.79 365.44 881.71 472.40 810.70 551.25 938.68 559.19
00000407 00000031 698.18 201.17 352.69 480.60 795.38 357.46 964.93 365.62 881.93 472.53 810.79 551.46 939.15 559.26
00000408 00000032 697.82 201.04 353.48 480.50 795.49 357.37 965.02 365.65 881.89 472.42 810.78 551.48 939.23 559.38
00000409 00000033 696.91 201.89 354.59 480.65 795.14 357.62 965.23 365.64 882.15 472.35 810.59 552.62 939.20 560.27
00000410 00000034 696.43 204.21 355.63 483.30 794.53 357.92 966.01 365.45 882.14 472.98 810.24 558.00 940.03 565.08
00000411 00000035 698.90 200.77 354.89 484.24 799.91 358.27 963.34 365.66 878.42 474.84 815.22 557.41 930.68 563.42
00000412 00000036 699.29 197.24 354.29 486.41 800.62 358.14 963.51 366.21 879.34 475.14 814.18 556.55 931.19 563.22
00000413 00000037 697.44 197.80 356.25 490.17 794.75 360.20 966.23 367.71 881.84 477.14 809.24 558.59 941.01 565.78
00000414 00000038 698.65 198.70 355.14 488.52 799.92 358.31 963.57 365.80 879.09 476.14 814.56 557.12 931.68 563.34
00000415 00000039 696.60 199.45 356.89 490.73 793.92 359.77 966.45 367.27 882.18 476.91 809.05 558.58 941.45 565.67
00000416 00000040 698.22 198.73 355.82 489.75 799.43 357.66 964.60 365.99 879.18 476.03 814.01 558.09 932.11 564.91
00000417 00000041 698.68 198.61 355.27 490.21 799.19 357.65 964.91 365.32 879.75 474.97 814.91 560.29 931.92 566.52
00000418 00000042 699.11 198.78 355.29 492.33 799.44 360.02 963.60 366.86 879.12 476.05 815.67 563.39 932.12 569.17
00000419 00000043 698.94 198.04 355.43 493.41 798.89 360.30 963.84 366.81 879.08 476.34 815.03 563.26 931.82 568.68
00000420 00000044 698.85 197.26 355.68 494.24 799.35 360.18 963.89 366.53 879.21 475.49 815.27 562.88 931.84 568.10
00000421 00000045 698.99 195.35 355.94 496.38 799.95 360.63 964.04 366.79 879.57 476.26 814.82 563.07 932.40 568.21
00000422 00000046 696.27 199.90 358.15 496.84 793.88 362.71 967.22 368.17 882.72 479.80 809.60 564.12 940.88 569.42
00000423 00000047 698.64 199.68 357.76 495.24 800.22 360.15 964.53 367.07 878.99 477.34 816.22 564.11 930.83 569.85
00000424 00000048 697.85 199.51 358.13 493.12 797.51 363.18 965.42 371.42 881.12 478.92 815.42 563.57 933.81 571.50
00000425 00000049 697.65 196.84 358.79 492.99 797.91 365.72 965.53 372.95 881.03 479.87 817.06 565.19 933.98 572.10
00000426 00000050 697.31 197.17 359.22 491.84 797.31 365.65 965.81 372.72 881.35 480.14 817.02 565.41 934.53 572.14
00000427 00000051 696.44 197.23 359.74 490.66 797.10 367.31 966.17 374.63 881.67 481.34 817.33 566.37 934.57 573.05
00000428 00000052 696.44 196.79 360.20 490.59 797.61 368.62 966.57 376.58 881.72 483.35 816.52 567.01 934.68 574.20
00000429 00000053 696.75 196.80 360.47 490.47 799.12 370.84 966.64 378.52 883.29 484.48 818.24 567.10 935.50 573.98
00000430 00000054 698.87 202.41 361.01 489.92 800.79 373.14 965.46 379.22 879.41 484.59 816.38 567.13 932.96 573.79
00000431 00000055 699.96 206.10 361.98 489.50 801.03 371.88 967.69 377.45 882.29 486.86 822.04 570.78 931.75 577.15
00000432 00000056 700.29 207.20 362.84 489.53 800.84 372.31 967.26 377.15 881.96 486.41 822.74 571.24 931.55 577.08
00000433 00000057 699.67 209.78 363.65 490.07 801.62 374.02 967.28 380.12 883.24 488.95 823.88 576.20 930.47 583.06
00000434 00000058 699.59 210.96 364.64 491.29 802.00 374.07 967.70 381.25 882.85 490.65 824.53 579.70 930.39 587.41
00000435 00000059 700.67 208.37 364.95 492.25 802.07 374.27 968.19 381.35 882.37 491.37 825.01 578.72 930.11 586.06
00000436 00000060 703.33 205.54 362.65 491.13 802.63 371.81 967.53 373.86 879.24 491.21 828.91 580.07 934.12 580.83
00000437 00000061 704.01 203.85 361.98 492.88 804.12 371.99 966.35 377.27 881.01 481.60 823.15 571.65 932.69 577.72
00000438 00000062 704.94 203.70 360.94 493.69 804.76 371.31 966.42 376.91 880.94 481.82 823.14 571.07 932.66 577.51
00000439 00000063 704.71 200.34 360.93 496.76 804.23 362.78 966.61 369.64 883.16 479.38 828.27 574.11 933.76 580.42
00000440 00000064 708.57 200.93 360.69 497.22 807.89 362.03 976.49 364.88 883.52 479.45 824.75 574.85 941.17 576.41
00000441 00000065 709.36 201.87 360.79 500.57 810.29 357.47 973.52 368.34 886.78 474.69 827.09 570.95 938.84 580.47
00000442 00000066 710.30 199.51 360.60 504.71 812.78 355.01 975.43 366.53 888.86 474.24 829.79 571.53 940.32 581.47
00000443 00000067 711.51 200.45 361.07 507.65 813.07 352.96 977.64 364.67 889.98 473.79 830.89 573.29 942.17 583.27
00000444 00000068 712.30 199.05 361.44 510.62 812.72 353.06 977.49 364.65 889.42 473.68 830.80 572.93 943.06 582.97
00000445 00000069 712.04 196.09 361.42 513.02 813.06 351.75 977.05 363.80 889.85 474.16 831.45 572.03 941.87 582.46
00000446 00000070 712.52 192.72 360.58 510.74 813.40 350.52 977.67 361.39 890.03 474.11 832.33 567.70 940.56 576.83
00000447 00000071 711.74 187.75 358.87 506.95 813.91 348.43 976.46 357.97 890.54 471.09 831.69 560.77 939.73 568.67
00000448 00000072 711.98 183.89 357.23 503.43 813.03 346.92 976.18 356.20 888.73 469.97 829.23 556.11 939.32 563.68
00000449 00000073 710.90 182.80 357.54 501.08 810.48 348.52 977.96 358.34 891.38 468.69 827.29 553.00 939.98 562.36
00000450 00000074 709.43 179.02 356.74 501.66 813.51 343.48 971.36 357.50 888.40 467.98 826.13 548.99 934.30 561.56
00000451 00000075 711.73 181.44 357.62 501.16 815.33 352.61 976.99 365.94 888.20 465.30 823.17 549.76 938.12 561.74
00000452 00000076 711.88 183.27 356.38 498.32 810.80 343.59 976.25 351.89 888.04 469.31 828.92 555.15 940.55 561.59
00000453 00000077 712.21 183.58 357.10 495.32 810.61 343.61 978.73 350.82 890.90 463.43 828.85 549.62 938.62 556.81
00000454 00000078 710.40 180.03 358.04 495.82 812.04 336.13 973.97 350.02 887.30 463.34 825.95 544.18 934.62 556.35
00000455 00000079 709.83 177.58 359.73 495.47 811.65 334.61 975.97 348.91 887.05 463.62 825.73 542.57 934.76 555.16
00000456 00000080 709.73 179.08 360.56 493.87 811.49 334.88 976.65 348.66 887.59 463.16 826.03 542.79 935.53 554.88
00000457 00000081 711.78 180.54 359.93 489.98 810.46 337.82 980.82 346.48 885.95 465.09 823.88 545.03 940.96 551.30
00000458 00000082 709.53 184.94 360.69 486.87 813.01 340.11 979.50 353.46 891.86 458.37 820.85 536.58 940.76 549.51
00000459 00000083 707.54 184.11 362.33 485.18 810.04 338.32 980.33 348.44 890.39 457.89 821.46 539.31 936.19 548.85
00000460 00000084 706.16 191.47 363.21 481.89 807.75 339.88 977.16 353.09 885.36 457.48 814.31 538.48 938.12 551.49
00000461 00000085 704.68 195.83 363.50 477.68 804.40 337.61 978.82 348.58 885.49 461.21 814.83 541.33 934.83 551.53
00000462 00000086 704.40 196.18 363.73 476.38 804.47 337.59 978.63 348.33 885.28 460.37 815.21 541.77 935.79 551.76
00000463 00000087 702.29 197.41 364.22 474.23 803.02 339.11 977.15 350.19 885.69 462.38 814.52 542.30 934.93 552.33
00000464 00000088 700.98 202.29 364.44 471.71 801.43 339.55 976.53 350.16 884.71 464.26 813.33 545.80 934.47 555.39
00000465 00000089 700.27 204.93 364.35 471.44 800.64 338.07 975.76 350.49 882.65 466.27 811.91 549.04 932.54 560.14
00000466 00000090 700.74 199.48 365.46 475.90 803.86 344.94 973.49 359.93 878.82 461.57 807.26 542.37 931.39 556.06
00000467 00000091 699.14 202.14 363.91 471.74 797.11 337.73 973.03 351.27 879.08 466.93 806.42 543.52 927.56 555.70
00000468 00000092 698.42 203.22 363.34 469.03 797.12 337.15 972.48 350.26 878.97 465.77 806.77 543.11 928.34 554.89
00000469 00000093 696.66 204.45 363.27 468.07 794.17 337.36 970.01 351.30 875.28 466.80 801.61 542.33 927.35 555.23
00000470 00000094 692.43 201.02 364.65 469.68 789.87 337.46 967.26 351.43 872.01 467.11 797.93 542.96 926.14 555.91
00000471 00000095 686.44 201.58 366.64 473.52 786.92 338.49 964.25 353.57 868.69 467.26 791.35 545.42 924.81 559.68
00000472 00000096 682.26 201.25 367.46 480.88 783.92 343.12 958.99 354.75 868.34 465.03 792.73 548.20 928.15 559.22
00000473 00000097 679.81 199.65 367.38 485.50 782.32 342.32 956.96 354.84 866.79 463.02 791.05 547.02 924.79 558.85
00000474 00000098 680.36 195.13 366.99 486.95 784.20 338.90 958.84 353.58 864.26 464.74 787.95 543.91 920.20 557.71
00000475 00000099 677.49 187.87 367.29 490.83 782.72 339.78 952.35 354.27 861.30 461.88 787.13 540.95 915.95 554.45
00000476 00000100 675.54 183.63 366.94 492.80 776.37 342.09 946.34 350.73 856.20 460.98 787.03 541.58 915.51 550.11
00000477 00000101 675.40 175.65 365.47 495.26 771.43 343.28 940.57 347.27 850.93 458.01 789.10 541.50 913.88 545.96
00000478 00000102 672.03 168.30 365.10 494.98 766.00 343.07 934.00 339.23 847.07 461.15 792.82 544.17 910.53 539.93
00000479 00000103 670.06 170.45 363.07 491.79 763.68 341.21 933.48 335.30 845.79 458.16 791.77 543.86 910.21 537.30
00000480 00000104 668.89 165.53 361.55 493.77 765.08 340.62 932.93 336.28 846.83 456.27 790.41 542.62 909.87 537.39
00000481 00000105 667.19 156.23 362.29 500.47 758.30 337.42 925.55 329.93 840.21 450.80 790.13 542.05 912.47 533.50
00000482 00000106 663.26 153.91 365.45 504.90 752.36 339.19 922.25 329.54 835.64 448.70 785.22 541.98 911.55 531.70
00000483 00000107 658.91 157.39 366.92 503.58 748.21 341.09 917.14 330.21 832.57 449.08 784.15 542.07 907.78 530.65
00000484 00000108 653.60 161.62 368.81 499.50 739.41 345.04 909.56 329.99 826.11 446.49 780.71 541.21 905.65 526.01
00000485 00000109 647.83 162.60 371.57 496.76 734.52 346.42 903.91 329.31 822.21 446.47 777.69 539.46 902.66 522.57
00000486 00000110 645.58 162.58 374.37 494.40 734.22 345.83 904.43 329.05 821.41 447.15 777.36 538.39 902.41 521.88
00000487 00000111 640.10 159.15 375.71 494.43 730.79 347.00 894.88 330.53 817.29 446.70 775.62 535.47 896.44 519.54
00000488 00000112 637.04 158.46 376.07 494.24 727.28 348.25 891.62 329.63 814.90 446.75 775.12 537.29 895.00 519.57
00000489 00000113 633.68 160.32 374.83 493.32 724.00 349.76 888.17 327.67 814.25 447.97 774.53 538.38 894.48 517.85
00000490 00000114 631.47 160.60 374.59 494.79 723.20 352.30 887.05 329.04 813.96 448.87 774.68 542.28 893.20 520.87
00000491 00000115 630.35 165.17 376.46 497.82 722.78 352.16 888.59 328.81 815.46 445.90 775.52 548.76 893.00 528.91
00000492 00000116 629.27 165.90 377.45 500.33 722.49 352.18 889.12 328.66 816.74 447.23 775.90 549.27 893.76 529.27
00000493 00000117 629.04 168.55 377.62 501.66 716.44 352.18 888.41 326.64 811.39 447.92 771.98 552.75 899.64 528.25
00000494 00000118 627.84 170.93 378.51 502.96 720.55 351.51 886.45 327.22 814.62 446.77 774.90 550.12 892.94 529.59
00000495 00000119 627.95 171.62 380.30 504.24 719.52 351.20 886.86 326.03 813.36 446.49 774.86 549.98 894.47 528.60
00000496 00000120 626.90 172.12 380.41 505.25 719.24 350.32 885.57 325.13 813.86 445.77 774.70 549.53 894.22 528.11
00000497 00000121 625.83 170.65 379.94 507.51 718.91 348.84 884.79 324.31 813.80 445.13 774.15 549.20 893.35 528.22
00000498 00000122 623.94 171.01 379.02 508.14 717.32 352.20 887.39 324.88 814.01 451.02 771.05 550.94 899.94 525.83
00000499 00000123 624.58 169.49 378.67 510.42 718.33 348.67 883.88 323.91 813.47 443.86 773.48 549.20 893.01 528.03
00000500 00000124 624.42 168.32 378.57 510.82 717.03 348.32 883.19 322.81 812.56 443.73 772.85 547.46 893.13 525.54
CROP_BBOX: 399 0 1386 987